90015029585040	85
91120029635040	1
91240029645040	244
90560029275040	1
90910029855040	76
91145029685040	2
91220029645040	554
90995029620040	86
91135029685040	186
91475029770040	101
91125029685040	244
91115029685040	4
91120030665040	45
91105029685040	198
91045029645040	765
90965029565040	163
91035029645040	27
91100029530040	227
91025029645040	378
91145029655040	110
91185029895040	69
91015029645040	535
91135029655040	918
91005029645040	326
91125029655040	969
90980029650040	146
91095030700040	37
91115029655040	484
91225030510040	123
91105029655040	602
90005029525040	62
91200030570040	209
91145029625040	1
91135029625040	328
90150029620040	8
90990029620040	18
91125029625040	1
90505030085040	10
91050029700040	1
91115029625040	3
91160029710040	2
91815029925040	1
90390029880040	25
91205029635040	350
91200029695040	1
90360029880040	236
90935029505040	2
91010029645040	133
90715029960040	355
91110029655040	569
91100029655040	792
91440029740040	188
91610029790040	185
92290029685040	1
92160030080040	74
90295029965040	6
90680029330040	280
91095029595040	16
90985029880040	99
91115029730040	19
91995029970040	16
91200029635040	214
91405030270040	334
91090029680040	5
91660029805040	108
89970029360040	14
90630029275040	21
91455029835040	82
90240029370040	9
90850029735040	29
92200029725040	19
91125029700040	13
90330029380040	12
90575029725040	1
91115029700040	64
91090029650040	317
91455029805040	424
91190029660040	1
91920029760040	3
90435029880040	12
92165030145040	46
91040030440040	20
91735029835040	123
90165029425040	59
90890029475040	12
91180029630040	328
91490030555040	162
90065029580040	390
91170029940040	24
92135030040040	78
91075029670040	35
91110029700040	235
90910029610040	144
90995029590040	1
90590030060040	32
91155029680040	228
92170030145040	26
91010030355040	98
91095029640040	45
91075029640040	3
90935030380040	31
91065029640040	487
91185029650040	99
91055029640040	256
91175029650040	286
91660029680040	3
91760030005040	100
90915030380040	4
91105030470040	43
91165029650040	234
90810029370040	33
91155029650040	909
90160029425040	199
90775029820040	58
91085029610040	178
91080029670040	29
91365029670040	2
91070029670040	13
91510030095040	843
90720029715040	11
91060029670040	1
91345029670040	5
91945029960040	11
90555030080040	40
91150029680040	3
91140029680040	293
91735029910040	42
91080029640040	224
91130029680040	295
91070029640040	121
91120029680040	599
90990029560040	1
91060029640040	189
90920030380040	1
91050029640040	272
91170029650040	96
91765030575040	302
91040029640040	51
91160029650040	281
91030029640040	291
91150029650040	87
90965029445040	41
91020029640040	262
91140029650040	1011
90940029560040	1
91080029610040	315
91130029650040	1627
91365029610040	144
90340029965040	6
91015029525040	212
91120029650040	1435
90990029530040	208
91350029670040	46
91100029595040	102
91745030545040	35
90470029250040	9
91020029610040	75
91270030110040	1
90995029655040	352
91250029630040	2
91900029960040	42
90985029655040	213
91120029620040	1
90005029570040	2
90450030040040	18
90810030310040	146
90990029500040	2
91035029660040	2
91230029630040	364
90440029945040	7
91145029670040	943
91135029670040	492
91055030380040	5
91125029670040	46
91115029670040	68
91430029650040	43
91485029775040	36
90995029625040	454
90980029685040	133
91035029630040	1
91145029640040	113
91275029725040	23
91055029870040	67
91135029640040	164
91125029640040	266
90410029915040	10
90940029685040	157
91115029640040	440
91365029735040	149
91105029640040	198
91265029890040	36
90990029655040	96
90980029655040	384
91315029660040	55
90600030030040	11
91135029610040	118
89975029760040	60
91495029715040	1
90445029240040	1
91110029670040	1
91570029840040	334
89980029625040	14
90910030060040	178
91680029850040	178
92235029710040	116
91080029945040	227
91145030275040	246
91510030295040	87
91180029570040	1
91010029630040	32
91110029640040	609
90360029885040	1
91075029995040	55
91100029640040	31
91260029890040	61
90775029790040	99
90860029385040	1
91185029590040	12
90170029420040	82
90420029625040	15
90875030355040	60
91200029620040	97
92195029680040	4
90935029645040	45
91595029905040	171
90925029645040	142
91300029630040	128
92270030065040	152
90860029355040	10
90950029730040	137
90265029480040	646
90635030230040	7
91370029915040	62
91770030080040	2
90330029385040	1
91460029850040	114
91090029655040	483
91290030520040	338
90920029645040	339
90285029420040	49
90890029460040	93
90160029470040	73
90640030230040	81
90660029990040	1
91180029635040	736
90065029585040	2
91085029675040	298
91030029935040	3
90995029595040	653
90710029395040	168
90985029595040	134
91365029905040	81
91100029870040	46
91155029685040	448
91095029645040	359
91375030550040	187
91030029520040	131
91085029645040	107
90460029910040	4
91075029645040	718
91195029655040	53
91065029645040	364
91185029655040	68
91055029645040	313
91175029655040	859
91405029840040	166
91105030475040	4
91165029655040	49
92320030150040	2
90860029400040	27
91025029570040	1
91155029655040	1452
91925029995040	70
90965030355040	23
91095029615040	40
91085029615040	432
91495029685040	27
90900029385040	1
91075029615040	100
91080029675040	10
90990029595040	57
91345029675040	182
90885029690040	1
91285029635040	105
88900029265040	1
91040029675040	133
89960029595040	2
91385029645040	245
91505030300040	589
92215029680040	9
91140029685040	3
91005029925040	11
91080029645040	482
91130029685040	236
91250029695040	34
91070029645040	163
91120029685040	1039
91060029645040	781
90410029990040	1
91050029645040	320
91170029655040	2
90755029960040	262
91040029645040	334
91080029885040	1
91160029655040	897
91030029645040	75
91150029655040	56
91270029665040	120
91020029645040	7
91140029655040	275
91080029615040	567
91130029655040	1962
91365029615040	1
91120029655040	254
91275030250040	2
91355029615040	126
90450030075040	37
91035029695040	1
90995029640040	106
91340030155040	2
91560030615040	113
91020029615040	1
91275029740040	85
92205030100040	316
90355029660040	78
91145029675040	892
91220029635040	136
90995029610040	356
91135029675040	137
91125029675040	381
91270029605040	1
91115029675040	336
91595030325040	1
91090030470040	284
90920029430040	107
90960029670040	1
91045029635040	203
91035029635040	161
91495029730040	32
91025029635040	63
91145029645040	726
91015029635040	567
91135029645040	2313
91370029855040	14
92335029785040	42
90990029640040	465
91125029645040	1199
91115029645040	628
91105029645040	360
91255029895040	11
91335029665040	87
91815030040040	284
91205029655040	1
90940029640040	1
91315029665040	1
91135029615040	2
90690029765040	9
90990029610040	231
90445029245040	13
90640030005040	15
91110029675040	2
91845029770040	318
90950029610040	1
91140029700040	2
91130029700040	1
91190029575040	1
91120029700040	686
91905029925040	5
90560029340040	10
91010029635040	527
90790029360040	135
91000029635040	35
91760029865040	91
90790029745040	418
91110029645040	204
91370029960040	11
90540030130040	12
91100029645040	95
91690029825040	34
91210029655040	1
90450029245040	35
90620029295040	154
91685030355040	1
91065029585040	7
90170029425040	13
91250029865040	65
90745030275040	153
91320029875040	17
91280030170040	99
91990029990040	218
90910029660040	129
91190029650040	24
90155029445040	134
90135029370040	5
90735029350040	2
91290030525040	4
90840030340040	145
91090029610040	128
91030029585040	38
92045030020040	202
89925029370040	138
90640029370040	1
91690030015040	108
91095029660040	408
91085029660040	88
90855029715040	11
91075029660040	1
116375039775040	1
91065029660040	2
91160029565040	1
91795030130040	23
91055029660040	469
90580030050040	18
91740029855040	74
90725029870040	1
91155029670040	173
91775030075040	294
91085029630040	147
91075029630040	86
91635030065040	371
91125030460040	14
91030029525040	2
91055029630040	1
91175029640040	49
90650029310040	135
91155029640040	206
91265029650040	315
91460029930040	1
91085029600040	1
91080029660040	2
90455030060040	82
90575030070040	1
91070029660040	5
91060029660040	187
91790030130040	257
90925029495040	4
91050029660040	200
91155029610040	67
91030029660040	1
91150029670040	335
91140029670040	417
92320030125040	74
90955029465040	68
91080029630040	87
91130029670040	147
91245029620040	137
91120029670040	862
91490029775040	71
91360030170040	1
91040029630040	177
91150029640040	181
91140029640040	403
91130029640040	117
91115030585040	4
91120029640040	999
91240029650040	3
91145029690040	54
91220029650040	140
91110029585040	264
91135029690040	1
91640030585040	1
91125029690040	586
91320029660040	49
91115029690040	9
91105029690040	1
91045029650040	237
91035029650040	125
91025029650040	460
91145029660040	889
91300030085040	22
91135029660040	269
91275030225040	22
91125029660040	914
91115029660040	1008
90995029615040	126
91105029660040	583
91410029640040	1
90975029615040	5
91035029620040	32
91165029705040	135
90535030165040	39
90720029965040	78
90960029675040	38
91015029620040	110
91135029630040	45
91005029620040	73
91115029630040	1
91425030555040	72
91110029690040	2
91100029690040	2
91215029640040	113
91660029705040	3
90980029645040	4
91205029640040	926
91815030045040	1
92200030105040	1
90940029645040	274
91000029650040	1
91970029735040	343
90885030770040	7
91110029660040	257
91100029660040	986
90730030000040	268
91160029705040	81
91355029860040	325
91435029630040	56
91845029775040	1
90690029720040	136
91010029620040	125
91000029620040	97
91180030425040	34
91120029705040	22
91685030370040	56
91190030590040	1
89955029665040	82
90540029270040	175
90715029955040	33
91080029905040	63
91200029640040	38
90285029335040	125
90935029665040	57
90890030770040	319
90965029635040	1308
91310029890040	7
91925029755040	482
90520030105040	19
91075029540040	37
90625030220040	32
91055029925040	19
91745029840040	59
91990029995040	1
91090029645040	372
91725029840040	6
90525029260040	1
92395030140040	94
91190029655040	410
90755029355040	17
91180029655040	136
90745029355040	24
90735029355040	123
91040030435040	42
91305029880040	8
91450029810040	4
90165029400040	1
91090029615040	78
92260029680040	9
90595030190040	11
90750029825040	82
90620030220040	1
91095029665040	2
91900029725040	363
91030029540040	12
90825029700040	25
91075029665040	67
91150030030040	100
89935029710040	186
91730029840040	46
90160029430040	423
91175029675040	244
91035029590040	1
91105030495040	44
92320030170040	68
90325029365040	1
91155029675040	819
91385029695040	378
90000029730040	24
90740029355040	38
90905029655040	223
90950029430040	533
91075029635040	2
91320030050040	19
90690029920040	343
90935030375040	100
90135029480040	2
90710029355040	9
91055029635040	105
91105029985040	12
91175029645040	360
90650029315040	3
91165029645040	2
90725029845040	50
91025029560040	115
91090029720040	113
91155029645040	331
91245030500040	27
91080029665040	2
91070029665040	1
91355029665040	93
91365030145040	17
91825029945040	19
90495029245040	22
91150029675040	717
91905029880040	1
90525030075040	11
91140029675040	17
92165029705040	112
91130029675040	189
91245029625040	143
91070029635040	1
91120029675040	244
91275030270040	84
90920030375040	16
91050029635040	304
91170029645040	7
91040029635040	2
91160029645040	473
91030029635040	92
91150029645040	958
91020029635040	105
91140029645040	861
91235030965040	127
91010029945040	83
91130029645040	1163
90430029950040	32
91095029710040	24
91120029645040	34
90005029595040	10
91485029780040	1
91135029695040	53
91125029695040	54
91320029665040	108
91010029530040	14
91020029605040	157
91115029695040	429
91105029695040	2
90625030025040	1
91045029655040	1
91240029625040	26
91025029655040	1
91145029665040	288
90995029600040	321
91135029665040	637
91475029750040	5
91655030280040	150
91125029665040	239
90980029660040	217
91115029665040	573
90415029970040	2
91105029665040	142
91505030580040	13
91080030460040	40
90965029545040	2
91145029635040	17
91315029685040	3
90085029360040	48
91015029625040	46
91135029635040	3
91005029625040	30
91125029635040	137
90080029495040	140
90410030005040	52
91115029635040	1
92060031465040	1
91080029950040	1
91110029695040	1
91225029645040	64
91265029885040	211
91335030500040	37
90960029630040	176
91215029645040	1
91410029615040	22
91665029740040	1224
91145029605040	18
91670029875040	50
92265030070040	1
91095030480040	3
90935029515040	174
90990029600040	4
90415029910040	1
90600030190040	23
91110029665040	4
91100029665040	2
90950029600040	113
91955029770040	71
107715035880040	1
90730030005040	2
90360029860040	4
91010029625040	70
90945029650040	213
91100029635040	1
91180029900040	120
91250029885040	117
91200029645040	41
91265029990040	35
91300029655040	1
90385029880040	84
91175030430040	107
91090029660040	311
104170035940040	1
91890029970040	313
90330029360040	7
90675029330040	2
91260029990040	139
91190029640040	1
91790029930040	92
91180029640040	109
90640030255040	9
90735029340040	7
91280029650040	49
90735029725040	146
91110029710040	263
91160029585040	1
90040029820040	221
90950029495040	159
91165029690040	86
91790029900040	56
90725029890040	71
91180029610040	108
91095029650040	45
91085029650040	195
91395030575040	87
91075029650040	4
91065029650040	389
91185029660040	2
91365030190040	22
91055029650040	2
91095030680040	1
91165029660040	336
90985030435040	6
91155029660040	202
91620030315040	22
91730029845040	98
90160029435040	34
91095029620040	122
91145029970040	59
91035029595040	46
91085029620040	306
90730029340040	30
91075029620040	45
91195029630040	149
90730029725040	1
91065029620040	70
91260029900040	149
91055029620040	96
91175029630040	56
91050029680040	25
90075029500040	2
91260030015040	36
91150029690040	192
90965029485040	40
91140029690040	3
91080029650040	908
91090029725040	2
91125029940040	89
91130029690040	12
91070029650040	1210
91120029690040	318
91665030575040	30
91060029650040	7
91050029650040	1
91040029650040	148
91160029660040	220
91150029660040	534
91265029610040	1
91140029660040	1007
91080029620040	69
91130029660040	583
90815029370040	18
91070029620040	138
91120029660040	272
91060029620040	16
91190029705040	1
91230029670040	1
90435029925040	1
91050029620040	16
91530030595040	2
91765030555040	4
90905029380040	191
91160029630040	1
91030029620040	1
91150029630040	1
91140029630040	32
91700030065040	193
90955029425040	66
90965029590040	1
91145029680040	141
91220029640040	78
91530030565040	1
91135029680040	665
91400030555040	1
91085029715040	5
91125029680040	465
90890029685040	1135
91115029680040	190
91805029815040	351
91130029600040	1
91045029640040	129
90975029635040	73
91035029640040	389
91145029650040	1078
91015029640040	65
91135029650040	307
91005029640040	207
91125029650040	1637
91115029650040	147
90785029750040	2
91105029650040	751
91045029610040	319
91660029725040	17
91145029620040	407
90465029250040	23
90945029530040	300
91135029620040	47
91175029860040	34
90950029665040	124
91005029610040	74
90690030250040	33
90940029665040	4
91115029620040	1
91110029680040	159
91030029715040	1
91305029640040	6
89975029740040	6
91665029745040	2
91000029640040	184
91130029725040	209
91095030485040	140
91110029650040	469
91905030045040	132
90315030000040	6
91100029650040	472
92290029680040	103
90660030220040	3
91105029775040	139
91155030495040	293
91530030610040	175
91565029870040	287
90355029730040	3
90965029655040	1
91210029630040	117
91200029630040	61
90170029375040	101
91480029965040	43
91745029890040	11
90175029480040	12
91760029810040	285
88890029245040	1
91195030050040	8
91505030295040	53
90575029720040	254
90715029915040	86
89945029625040	16
91240029840040	19
90870029700040	22
91090029665040	149
90525029280040	64
90950029710040	3
91925029715040	79
90515029280040	1
91670030435040	60
91890029975040	3
91280029685040	73
91735029830040	292
90890030700040	58
90910029655040	111
90145029420040	15
90765029345040	1
90940030375040	53
91180029645040	38
90745029345040	6
90865029355040	3
90890029440040	15
90040029825040	3
90635029305040	33
90640029365040	363
91635030070040	1
91095029655040	402
90775029865040	14
91085029655040	79
91320029590040	123
91485030570040	75
90410029895040	1
91075029655040	514
91065029655040	74
91055029655040	71
91720029830040	51
90580030045040	4
91165029665040	484
103740030670040	1
91155029665040	1513
91085029625040	185
91100029485040	22
91075029625040	37
91195029635040	309
90665029990040	51
91185029635040	4
90265029555040	261
92235029690040	123
91155029635040	3
91160029695040	257
91460029925040	69
91490029780040	21
91865029935040	380
91080029655040	737
91130029695040	1
91245029645040	746
90155029515040	45
91070029655040	406
91120029695040	845
91310030010040	104
91440030405040	108
90150029575040	6
91060029655040	234
91050029655040	85
90345029900040	115
91160029665040	77
90355029535040	150
91030029655040	1
91150029665040	211
90355030015040	86
91140029665040	362
91000029580040	51
91080029625040	246
91130029665040	638
91470029750040	18
90815029375040	38
91120029665040	983
91220030155040	222
91930030070040	21
90985029650040	644
90975029650040	180
91140029635040	131
91130029635040	218