113920030485040	1231
114105030515040	989
114255030380040	1
114330030650040	62
114370030890040	45
114375030390040	4
114215030525040	21
114245030690040	255
114255030765040	175
114270030610040	1477
114320030650040	290
114335030535040	8
114365030390040	20
114530030505040	1
114560030670040	796
114570030745040	1
114140030600040	268
114210030585040	4026
114260030610040	2607
114310030650040	2075
114325030535040	423
114365030775040	81
114550030670040	564
113840030445040	153
114060030390040	1045
114130030600040	357
114200030585040	1748
114250030610040	2391
114300030960040	524
114315030535040	5
114320030285040	9
114370030620040	85
114670030755040	264
114240030610040	269
114305030535040	175
114360030620040	16
114405030910040	815
114465031100040	1
113820030445040	488
114035030640040	9
114230030610040	496
114290030485040	15
114300030595040	2915
114350030620040	1
114480030705040	3
114145030650040	926
114280030485040	28
114380030860040	1109
114460030630040	5
114515031085040	90
114085030300040	269
114110030545040	1743
114135030650040	748
114265030735040	1629
114370030860040	623
114390030495040	192
114855030640040	224
113935030560040	1
114075030300040	524
114100030545040	1
114320030620040	799
114335030505040	409
114520031005040	94
114610030680040	3
114625030565040	1185
114210030555040	1539
114325030505040	137
114365030745040	45
114430030630040	34
114510031005040	1
113720030405040	19
113870030270040	1747
114200030555040	664
114225030660040	44
114270030215040	2
114315030505040	64
114355030745040	77
114580030880040	1
114825030640040	69
114900030910040	136
113855030520040	1
114215030660040	136
114280030820040	554
114305030505040	47
114310030565040	63
114335030670040	492
114345030745040	1
114410030630040	19
114425030515040	21
114650030650040	40
113820030415040	254
114050030745040	16
114195030860040	1008
114300030565040	350
114325030670040	995
114795030840040	1392
114045030245040	106
114145030620040	2740
114275030705040	18
114405030515040	20
114510030640040	7
114525030525040	1
114135030620040	429
114265030705040	404
114370030830040	59
114515030525040	2
114080030330040	1
114100030515040	1
114125030620040	3
114130030370040	21
114245030630040	52
114255030705040	778
114380030465040	391
114115030620040	356
114120030370040	437
114175030495040	818
114235030630040	370
114365030715040	192
114430030600040	151
114775030785040	1
114105030620040	136
114165030495040	518
114200030525040	1965
114225030630040	594
114230031295040	676
114355030715040	74
114385030880040	559
114420030600040	1
114540030610040	8
113805030465040	327
113990030635040	13
114155030495040	686
114215030630040	2
114310030535040	17
114335030640040	1707
114345030715040	72
114375030880040	193
114410030600040	1
114415031015040	283
114470030475040	1
114495030890040	461
114550030245040	45
113965030500040	2
114095030455040	713
114205030630040	650
114300030535040	115
114325030640040	2
114365030880040	1027
114085030455040	1326
114190030580040	165
114315030640040	2171
114320030390040	1
114445030725040	1
114075030455040	5
114305030640040	614
114320030775040	1
114390030435040	24
114425030650040	5
114185030465040	358
114245030600040	1725
114250030350040	25
114250031265040	18
114290030590040	1136
114380030435040	54
114500030170040	1
114625030505040	1
114885030820040	1
114130030725040	1
114235030600040	34
114235031205040	27
114250030735040	126
114280030590040	763
114295030475040	1
114405030650040	5
114500030555040	6
114775030755040	2
114995030830040	70
114225030600040	2739
114240030735040	2749
114285030475040	2
114410030785040	2
114515030660040	1
114585030320040	1
114035030765040	83
114100030650040	850
114215030600040	473
114275030475040	20
114310030505040	2
114395030485040	95
114570030820040	1583
114585030705040	76
114195030800040	1266
114205030600040	313
114210030660040	569
114265030475040	487
114325030610040	1075
114330030360040	66
114385030485040	54
114575030705040	1831
113840030520040	178
114005030380040	752
114085030425040	92
114190030550040	269
114255030475040	44
114320030360040	17
114330030745040	8
114435030620040	23
114790030840040	401
114180030550040	2
114270030705040	468
114305030610040	2034
114400030515040	102
114425030620040	4
114555030705040	726
114660030830040	193
114675030715040	566
114950030890040	8
114065030425040	405
114105030390040	622
114260030705040	1374
114285030810040	279
114310030745040	1
114350031300040	165
114415030620040	26
114420031285040	40
114540030380040	5
114575030870040	201
114665030715040	709
114180030495040	624
114250030705040	11
114280030560040	1696
114370030715040	49
114405030620040	85
114465030495040	24
114535030705040	13
114170030495040	986
114240030705040	699
114650030775040	248
114675030880040	231
114710030600040	985
113910030530040	187
114100030620040	117
114160030495040	611
114205031100040	32
114220031235040	176
114350030715040	2923
114395030455040	4
114445030495040	2
114545030870040	764
114150030495040	405
114210030630040	575
114265030445040	7
114340030715040	31
114385030455040	4
113780030355040	6
114200030630040	293
114245030370040	1
114255030445040	1
114360030880040	21
114375030455040	5
114790030810040	1
114080030455040	634
114180030520040	1201
114235030370040	37
114310030640040	448
114310031245040	519
114660030800040	10
114780030810040	549
114055030320040	555
114290030530040	108
114300030640040	2285
114475030465040	1
114500030110040	4
114045030320040	1500
114085030560040	19
114280030530040	340
114345030455040	129
114465030465040	107
114880030820040	197
113885030470040	39
114050030455040	400
114170030465040	266
114195030570040	492
114515030600040	1
113950030740040	40
114065030560040	154
114145030330040	55
114205030755040	144
114445030465040	1
114055030560040	288
114150030465040	70
114175030570040	291
114210030600040	456
114270030475040	99
114295030580040	5263
114305030380040	3
114425030390040	3
114480031080040	58
114490030550040	1
114655030850040	185
113945030625040	72
114140030465040	266
114175030955040	286
114200030600040	1224
114285030580040	6656
114130030465040	1888
114275030580040	2818
114310030610040	2562
114350030850040	55
114370030485040	1
114095030530040	1
114120030465040	248
114265030580040	4552
114290030500040	1
114300030610040	837
114385030590040	9
114405030775040	58
114475030435040	9
114085030530040	404
114225030725040	1
114255030580040	1316
114330030850040	352
114335030350040	1
114375030590040	5
114465030435040	70
114540030705040	186
114580030945040	887
114195030540040	638
114325030350040	78
114340030485040	19
114365030590040	53
114390030510040	351
114400030620040	10
114455030435040	736
114460030495040	1
114530030705040	321
114625030795040	109
114820030765040	116
114245030965040	289
114315030350040	13
114325030735040	72
114355030590040	1122
114380030510040	38
114430030860040	374
114445030435040	94
114520030705040	174
113830030260040	454
114135030300040	4
114175030540040	1
114270030445040	22
114295030550040	75
114295031155040	389
114305030350040	1
114315030735040	303
114320030485040	4
114345030590040	279
114360031040040	683
114440030495040	529
114825030870040	248
114215030890040	301
114260030445040	1
114285030550040	561
114620030715040	5
114275030550040	5
114290030685040	160
114370030455040	1
114415030745040	1
114420030495040	497
114485030405040	1
114755030830040	148
114000030735040	1
114105030300040	5
114110030360040	12
114220030810040	1
114265030550040	2978
114275030935040	1295
114410030495040	57
114255030550040	1479
114580030915040	1
113955030395040	284
114080030560040	4
114145030485040	8
114195030510040	334
114340030455040	43
114365030560040	3
114425031300040	20
114455030405040	1
114610030880040	389
113850030305040	60
114015030475040	108
114070030560040	357
114135030485040	1
114210030755040	352
114325030705040	349
114355030560040	187
114450030465040	2
114175030510040	708
114190030645040	4443
114295030520040	1206
114305030320040	1
114345030560040	639
114435030715040	125
114480031020040	393
114790030935040	3
114165030510040	436
114170030570040	652
114260030415040	2
114285030520040	2
114300030380040	2
114305030705040	158
114335030870040	7
114430030465040	4
114455030570040	22
114055030445040	8
114155030510040	441
114160030570040	2
114220031310040	114
114225030495040	3
114280030270040	2
114300030765040	660
114395030530040	6
114455030955040	475
114540030475040	28
114705030775040	9
114030030560040	234
114045030445040	1461
114085030685040	157
114215030495040	12
114265030520040	73
114270030580040	7227
114410030465040	674
114075030685040	666
114205030495040	886
114260030580040	5107
114375030530040	13
114080030530040	1
114250030580040	2750
114365030530040	85
114370030590040	1
114415030880040	1
114460030435040	918
114785030985040	28
114240030580040	1328
114355030530040	166
114360030590040	4
114620030485040	29
114645030590040	10
114720030860040	732
113990030450040	1
114005030445040	8
114125030455040	3
114190030615040	579
114230030580040	498
114310030350040	40
114345030530040	9
114350030590040	82
114440030435040	2
114540030810040	397
114585030550040	1
114115030455040	267
114170030540040	21
114180030615040	242
114220030580040	971
114300030350040	1
114340030590040	10
114430030435040	14
114540030060040	1
114755030985040	64
114950030955040	5
114105030455040	102
114265031020040	910
114290030625040	1093
114330030590040	55
114395030500040	168
114420030435040	2205
114580030685040	19
114705030745040	836
114745030985040	102
114930030880040	956
114030030530040	483
114270030550040	3729
114280030625040	1576
114320030590040	718
114335030475040	7
114385030500040	195
114570030685040	179
114205030465040	478
114250031080040	96
114260030550040	1023
114325030475040	6
114375030500040	182
114390030635040	12
114495030510040	7
114620030820040	1
113890030410040	124
114235031020040	7
114250030550040	2225
114290030790040	438
114370030560040	1
114430031300040	97
114485030510040	3
114045030580040	185
114175030665040	668
114190031115040	1
114200030310040	1
114240030550040	2495
114305030475040	34
114355030500040	7
114360030560040	449
114450030405040	1
114035030580040	813
114165030665040	2
114230030550040	56
114345030500040	102
114350030560040	1073
114415030485040	857
114440030405040	1
114535030495040	97
113925030335040	408
113930030395040	209
114025030580040	913
114050030500040	72
114155030665040	288
114170030510040	1508
114215030800040	83
114220030550040	2405
114275030675040	3
114340030560040	32
114405030485040	141
114505030860040	228
114015030580040	697
114040030500040	537
114135030590040	1587
114160030510040	714
114445030510040	1
114580030655040	3
114810030840040	8
113960030420040	988
114150030510040	994
114570030655040	77
114800030840040	3649
114075030625040	129
114115030590040	752
114195030635040	12
114210030495040	324
114300031090040	89
114325030445040	2
114380031135040	464
114390030605040	57
114065030625040	1
114190030385040	1
114200030495040	830
114250030520040	1323
114260030905040	115
114270030155040	1
114370030530040	47
114420030570040	3
114435030455040	1104
114785030925040	5
113815030220040	29
113975030470040	200
113985030545040	342
114020030445040	78
114055030625040	477
114285031175040	1
114295030645040	1031
114360030530040	134
114010030445040	706
114165030635040	63
114285030645040	682
114350030530040	330
113925030305040	6
114000030445040	933
114025030550040	438
114145030560040	660
114155030635040	2
114275030645040	106
114340030530040	118
114405030455040	139
114590030625040	289
114755030925040	3
114820030810040	106
115010030900040	122
114255031175040	137
114265030645040	2
114330030530040	134
114580030625040	415
114090030345040	144
114200030830040	172
114245030570040	2728
114255030645040	1567
114320030530040	865
114450030925040	5
114975030945040	1748
114115030560040	402
114195030605040	273
114210030465040	12
114235030570040	129
114300031060040	546
114615030475040	1
113915030470040	441
114185030605040	856
114200030465040	254
114225030570040	377
114235030955040	1
114315030415040	40
114370030500040	58
114370031105040	268
114435030425040	67
114175030605040	5
114215030570040	28
114295030615040	661
114335030580040	11
114345030655040	27
114360030500040	35
114410030540040	34
114425030425040	621
114465030665040	8
114480031115040	119
114035030520040	174
114165030605040	193
114170030665040	477
114205030570040	2879
114285030615040	1846
114300030475040	15
114325030580040	126
114350030500040	1
114395030240040	1
114455030665040	1
114510031080040	163
114520030550040	2
114275030615040	2574
114315030580040	16
114340030500040	9
114395030625040	463
114405030425040	9
114435030590040	29
114460030510040	21
113945030440040	1017
113960030575040	1
114020030580040	1791
114030030655040	2
114265030615040	1164
114270030675040	1707
114305030580040	608
114330030500040	7
114385030625040	24
114400030485040	1299
114425030590040	4
114435030975040	931
114490030750040	218
114510030935040	232
114245030540040	872
114255030615040	1729
114320030500040	275
114375030625040	72
114275030780040	3
114365030625040	109
114430030510040	66
114225030540040	330
114290030700040	399
114345031155040	1
114360030685040	1
114420030510040	3
114525030985040	275
114580030760040	223
113990030545040	480
114060030625040	571
114100030590040	1
114310030445040	106
114335030550040	81
114345030625040	1
114410030510040	20
114585030645040	115
114710030955040	48
114825030905040	1
114050030625040	481
114170030635040	2
114205030540040	806
114215030925040	196
114325030550040	202
114520030520040	29
114575030645040	342
114805030830040	765
113995030650040	1
114145030500040	634
114160030635040	461
114315030550040	47
114370031240040	1044
114445030635040	9
114510030520040	9
114565030645040	139
114150030635040	576
114195030375040	6
114270030645040	4
114305030550040	52
114400030455040	626
114555030645040	30
114750030925040	189
114260030645040	82
114275031280040	578
114310030685040	769
114480030720040	347
114495030605040	2
114130030635040	320
114250030645040	2003
114405030560040	9
114420030695040	1656
114485030605040	3
114500030465040	2
113920030470040	1
114240030645040	35
114410030695040	2787
114475030605040	19
115060030880040	123
114025030290040	205
114090030450040	3
114230030645040	650
114245031280040	168
114310030415040	536
114335030520040	18
114340031185040	383
113915030355040	215
114170030605040	717
114210030570040	1003
114315031050040	848
114325030520040	49
114340030655040	109
114455030605040	25
114700030925040	50
114160030605040	6
114190030460040	2
114200030570040	975
114315030520040	89
114330030655040	574
114370030895040	1231
114375030395040	1
114630030500040	62
113990030680040	80
114020030520040	33
114075030335040	34
114245030695040	482
114270030615040	970
114295030720040	20
114305030520040	145
114320030655040	226
114335031290040	109
114345030760040	11
114365030395040	40
113980030680040	456
114130030220040	15
114140030605040	3
114260030615040	2333
114290030470040	56
114300030580040	413
114310030655040	1816
114325031290040	5
114415030530040	29
114545030615040	1
114785030635040	121
113970030680040	690
114130030605040	1933
114250030615040	3887
114275030720040	834
114280030470040	135
114300030965040	134
114370030625040	546
114395030730040	464
114405030530040	1
114240030615040	459
114390030480040	35
113795030205040	188
113910030440040	160
114035030645040	288
114090030420040	581
114230030615040	1903
114255030720040	3178
114390030865040	8
114505030540040	2
114755030635040	215
113790030265040	5
114135030270040	2
114145030655040	1
114380030865040	1130
114460030635040	1
114535030780040	341
114580030335040	5
114085030305040	20
114135030655040	12
114355030730040	899
114360030790040	53
114370030865040	683
114435030500040	1
114560030260040	33
114075030305040	912
114310030550040	2
114320030625040	492
114425030500040	139
114430030250040	120
114440030635040	4
114470030490040	205
114585030750040	19
114065030305040	1
114290030440040	818
114300030550040	127
114415030500040	827
114430030635040	6
114835030645040	10
113930030410040	101
113970030650040	348
114180030375040	2
114225030665040	180
114295030325040	2
114405030500040	42
114045030615040	309
114195030480040	1
114215030665040	7
114400030560040	6
114410030635040	22
114205030665040	352
114260030750040	2
114380030450040	31
114395030335040	123
114795030845040	542
114145030625040	1098
114175030480040	480
114250030750040	1
114315030675040	1
114485030710040	454
114655030760040	1
114070030700040	213
114120030740040	1
114135030625040	2155
114165030480040	639
114200030510040	197
114320031125040	497
114345031230040	269
114450030605040	13
114765030770040	134
113795030340040	192
114080030335040	134
114125030625040	395
114130030375040	16
114155030480040	685
114230030750040	1
114245030635040	820
114275030490040	2
114310030520040	49
114370030395040	3
114470030460040	595
114885030855040	350
114025030780040	61
114050030700040	51
114070030335040	708
114120030375040	28
114170030710040	596
114235030635040	1967
114265030490040	36
114360030395040	2
114430030605040	48
114715030915040	242
113905030460040	796
114085030440040	500
114105030625040	1
114200031280040	11
114225030635040	113
114255030490040	1
114330030760040	4
114540030615040	2
114565030720040	337
114710030665040	774
114075030440040	772
114215030635040	44
114270030720040	1
114325030260040	19
114335030645040	1882
114375030885040	2915
114400030530040	2
114410030605040	759
114415030105040	12
114650030625040	1
115035030870040	346
114160030345040	42
114205030635040	196
114260030720040	2
114325030645040	289
114190030585040	1319
114250030720040	1
114315030645040	1715
114435030655040	77
114500030540040	2
114500031145040	106
114535030720040	1
114775030740040	154
114240030720040	1
114305030645040	2189
114505030115040	1
114645030730040	1
114080030305040	2167
114230030720040	2352
114245030605040	2111
114275030460040	9
114290030595040	4903
114365030305040	7
114395030470040	681
114405031185040	55
114470030430040	2
114070030305040	720
114095030410040	37
114225031135040	560
114235030605040	3040
114265030460040	4
114280030595040	1153
114385030470040	674
114085030410040	230
114465030315040	1
114895030990040	436
113860030215040	178
114050030305040	434
114075030410040	557
114080030470040	1
114215030605040	730
114365030470040	4
114375030855040	102
114400030500040	1
114205030605040	572
114325030615040	355
114475030480040	50
114060030470040	447
114180030480040	228
114185030805040	221
114305030230040	2
114305031145040	475
114320030365040	21
114465030480040	127
113980030390040	2
114020030615040	487
114170030480040	279
114260030325040	45
114305030615040	1686
114410030740040	562
114425030625040	46
113975030715040	761
114035030720040	452
114040030470040	66
114160030480040	30
114205030770040	306
114290030565040	2317
114390030940040	1154
114415030625040	6
114445030480040	19
114540030385040	7
114770030845040	3
114150030480040	678
114265030430040	60
114280030565040	5444
114385030440040	55
114405030625040	879
114750030770040	163
114110030625040	33
114135030730040	468
114140030480040	604
114260030490040	1
114375030440040	23
114450030710040	18
113910030535040	321
114130030480040	1
114320030700040	1610
114325030200040	5
114415030790040	3
114560030720040	240
114070030440040	6
114120030480040	823
114210030635040	2
114300031230040	206
114430030710040	41
114595030460040	424
114970030865040	153
113765030225040	906
114060030440040	2
114105030730040	429
114200030635040	917
114295030400040	2
114360030885040	269
114710030770040	104
114790030815040	2
114050030440040	4
114180030525040	604
114220030490040	86
114235030375040	1
114290030150040	50
114310030645040	972
114820030780040	6
114040030440040	1
114290030535040	206
114300030645040	1154
114340031200040	1193
114565030460040	8
113895030475040	59
114045030325040	1
114145030700040	83
114185030940040	1
114270030460040	92
114315030750040	201
114555030460040	1314
114565030845040	16
113780030310040	298
114075030565040	305
114255030400040	54
114260030460040	183
114375030410040	1
114545030460040	52
114620030730040	300
113910030505040	738
114010030750040	332
114065030565040	229
114145030335040	2
114245030710040	1104
114250030460040	1
114315030385040	1
114365030410040	1253
114415030760040	535
114785030865040	183
114890030990040	378
113985030485040	143
114055030565040	123
114120030450040	5
114135030335040	49
114210030605040	2197
114240030460040	52
114295030585040	6559
114360030470040	96
113870030320040	855
114165030575040	1312
114200030605040	857
114265030950040	998
114285030585040	5898
114345030410040	1
114215030710040	848
114275030585040	3085
114310030615040	742
114340030470040	480
114395030595040	1
114755030865040	415
114040030410040	6
114160030420040	18
114210030770040	32
114265030585040	1532
114290030505040	30
114300030615040	1555
114385030595040	1
114450030480040	57
114865030875040	201
114085030535040	1
114190030660040	580
114255030585040	2274
114280030505040	145
114295031140040	121
114320030470040	1785
114375030595040	4
114435030730040	504
114440030480040	365
114075030535040	246
114195030545040	1298
114260030430040	152
114325030355040	1
114365030595040	16
114390030515040	388
114400030625040	928
114430030480040	32
114055030460040	64
114070030595040	80
114185030545040	967
114310030855040	132
114315030355040	11
114355030595040	8
114370030440040	7
114380030515040	7
114405031260040	1
114420030480040	12
114540030490040	1
114550030875040	980
114610030700040	1242
114955030885040	115
113975030380040	21
114045030460040	106
114135030305040	1
114275030920040	362
114280030670040	688
114295030555040	37
114345030595040	1286
114360031045040	392
114410030480040	15
114165030545040	142
114275031085040	68
114285030555040	5
114585030400040	101
113955030380040	763
113980030300040	7
114025030460040	569
114090030620040	1416
114145030470040	326
114155030545040	1
114275030555040	379
114380030680040	415
114510030490040	1
114015030460040	36
114135030470040	32
114265030555040	468
114350030075040	23
114450030450040	11
114190030630040	1044
114255030555040	1
114440030450040	13
114560030460040	2
113935030765040	84
114080030565040	271
114320030825040	386
114355031095040	7
114365030565040	648
114430030450040	2
114780030920040	744
114070030565040	1
114185030515040	319
114290030640040	441
114315030325040	1
114355030565040	21
114370030410040	87
114415030700040	8
114420030450040	75
114540030460040	146
113990030485040	1
114175030515040	417
114215030480040	272
114280030640040	27
114285030140040	2
114335030490040	21
114345030565040	3
114390031180040	46
114405030700040	1932
114410030450040	37
114525030710040	2012
114880030930040	79
114165030515040	197
114170030575040	492
114205030480040	268
114285030525040	125
114325030490040	74
114335030875040	3
114370030045040	7
114455030575040	60
114510029980040	43
114935030855040	241
114040030565040	327
114185030680040	469
114315030490040	4
114445030575040	1
114685030595040	1
114875030815040	142
113800030235040	181
114030030565040	532
114150030575040	1235
114175030680040	1091
114255030140040	3
114265030525040	1192
114270030585040	3417
114295030690040	75
114305030490040	97
114330030410040	454
114535030950040	626
114675030595040	1004
114100030335040	112
114165030680040	4
114190030600040	538
114255030525040	1294
114260030585040	1709
114285030690040	1
114375030535040	6
114480030660040	28
114495030545040	483
114975030825040	24
113890030445040	170
114180030600040	483
114235030450040	6
114250030585040	2412
114365030535040	452
114370030595040	1
114415030885040	1
114430030420040	10
114730030865040	111
114950030940040	516
114105030440040	150
114120030575040	19
114240030585040	817
114265030690040	481
114290030610040	1809
114355030535040	64
114360030595040	4
114465031075040	1
114580030670040	847
114890030900040	1
113990030455040	2
114230030585040	958
114280030610040	1711
114310030355040	220
114335031065040	1
114345030535040	56
114350030595040	4
114410030420040	3
114570030670040	609
114710030865040	271
113860030445040	899
114170030545040	512
114220030585040	1425
114340030595040	719
114390030620040	12
114820030875040	351
113995030560040	1
114160030545040	1153
114315030460040	2
114330030595040	313
114380030620040	514
114395030505040	4514
114435030470040	4
114550030980040	36
114785030940040	263
114790030690040	5
114980030910040	27
114985031015040	93
113945030320040	110
114015030400040	1
114020030460040	1
114030030535040	670
114270030555040	42
114295030660040	2916
114305030460040	1
114320030595040	4
114385030505040	57
114400030365040	1
114420030970040	952
114970030910040	949
114010030460040	3
114165030650040	176
114260030555040	115
114285030660040	1
114375030505040	463
114415030470040	342
114910030885040	383
114250030555040	200
114275030660040	325
114365030505040	135
114370030565040	5
114405030470040	520
114470030630040	1
114070030505040	1106
114095030610040	2
114120030545040	2064
114240030555040	1007
114265030660040	355
114350031095040	275
114355030505040	112
114360030565040	856
114645030565040	114
113990030425040	499
114060030505040	401
114230030555040	2898
114345030505040	62
114350030565040	69
114570030640040	880
114025030585040	1862
114050030505040	106
114145030595040	15
114170030515040	952
114195030620040	67
114215030805040	177
114220030555040	2994
114300030325040	24
114340030565040	1
114380031120040	213
114455030515040	1
113825030495040	151
114015030585040	6
114160030515040	2538
114315030430040	3
114330030565040	1
114355030670040	2
114435030440040	1
114510030400040	5
114810030845040	651
114930030855040	121
113985030530040	380
114020030430040	657
114125030595040	15
114270030525040	594
114295030630040	386
114310030490040	5
114425030440040	81
114440030575040	11
114490030600040	268
114585030690040	1
114750030805040	188
114800030845040	1497
114115030595040	190
114165030620040	13
114260030525040	94
114285030630040	338
114300030490040	2
114360030900040	12
114415030440040	1292
114480030600040	26
114935030960040	208
114000030430040	7
114130030515040	20
114160030680040	3
114205030970040	1
114250030525040	133
114275030630040	346
114395030640040	2
114420030575040	70
114470030600040	2
114520030950040	374
113930030735040	2
114110030440040	185
114120030515040	577
114240030525040	912
114265030630040	274
114270030690040	436
114360030535040	29
114385031245040	178
114525030835040	189
113920030735040	195
114090030330040	263
114255030630040	1523
114260031295040	82
114350030535040	292
114025030555040	79
114145030565040	3
114220030525040	27
114250030690040	662
114320030900040	1
114340030535040	46
114615030460040	1
114700030805040	552
113945030475040	1
114190030340040	5
114315030400040	278
114330030535040	709
114435030410040	1
114020030400040	46
114245030575040	1648
114295030600040	5165
114310030460040	8
114320030535040	124
114325030035040	59
114420030910040	339
114585030660040	173
114235030575040	859
114285030600040	1538
114575030660040	1198
114935030930040	1
113940030705040	242
114225030575040	875
114275030600040	2926
114280031265040	44
114370030505040	30
114405030410040	8
114420030545040	67
114565030660040	1427
114640030930040	406
114030030640040	5
114045030525040	2
114150030650040	1228
114215030575040	1161
114265030600040	1552
114270030660040	206
114335030585040	94
114360030505040	2385
114385030610040	72
114400030470040	210
114920030990040	376
114035030525040	1140
114185030390040	1
114255030600040	614
114260030660040	5
114305030950040	16
114325030585040	1
114350030505040	1
114375030610040	71
114400030855040	314
114025030525040	669
114030030275040	2
114130030650040	313
114340030505040	1027
114345030005040	1
114365030610040	75
114435030595040	2
114460030515040	2
113815030360040	84
113880030520040	239
113900030705040	307
114020030585040	1424
114120030650040	266
114200030420040	4
114330030505040	2
114355030610040	228
114360030670040	7
114475030620040	2
114500030865040	104
113990030530040	105
114010030585040	15
114230030660040	11
114245030545040	4462
114250030295040	2
114285030785040	606
114320030505040	74
114345030610040	1253
114415030595040	20
114430031045040	567
114605030815040	712
114000030585040	446
114115030535040	576
114170030620040	314
114220030660040	2
114405030595040	4
114430030515040	542
114455030620040	5
114225030545040	907
114290030705040	818
114330030670040	887
114445030620040	3
114640030900040	2
114150030620040	982
114190030860040	1
114215030545040	739
114270030630040	1413
114280030705040	1
114320030670040	1050
114335030555040	1094
114400030440040	59
114410030515040	112
114425031150040	460
114815030835040	201
114140030620040	2225
114195030745040	399
114205030545040	3283
114260030630040	1215
114325030555040	1012
114390030715040	379
114680030775040	493
114805030835040	1805
114130030620040	1907
114145030505040	131
114175030360040	16
114250030630040	1346
114315030555040	56
114510030525040	396
114630030535040	78
114120030620040	1040
114240030630040	1093
114305030555040	183
114620030535040	1
113935030415040	3
114230030630040	824
114245030515040	1881
114310030400040	754
114390030880040	323
114395030380040	1
114415030565040	11
114610030535040	1
114795030890040	188
113915030340040	13
114025030660040	1
114095030320040	607
114220030630040	1020
114235030515040	44
114300030400040	1
114340030640040	251
114380030880040	39
114385030380040	4
114105030505040	243
114230030265040	7
114330030640040	3
114370030880040	1626
114025030295040	3
114090030455040	553
114270030600040	4807
114295031310040	1
114320030640040	1413
114335030525040	13
114365030380040	2
114560030660040	494
114210030575040	1583
114260030600040	740
114325030525040	21
114805030805040	241
114190030465040	2
114200030575040	2
114315030525040	5
114370030610040	20
114370031215040	15
114420030650040	2
114240030600040	1459
114290030090040	362
114305030525040	66
114585030785040	342
114765030620040	148
113980030685040	390
114035030630040	122
114040030380040	268
114165030715040	1
114230030600040	617
114290030475040	77
114300030585040	3765
114350030610040	155
114350031215040	32
114415030535040	10
113930030445040	2552
114220030600040	1706
114280030475040	146
114315030690040	1181
114340030610040	1
114750030680040	77
114035030265040	1
114390030485040	3
114450030620040	5
114010030690040	260
114080030350040	445
114125030640040	14
114245030650040	2260
114440030620040	84
114210030545040	517
114235030650040	56
114430030620040	15
114200030545040	2872
114225030650040	250
114290030810040	70
114410031150040	154
114420030620040	31
113990030655040	562
114215030650040	560
114310030555040	252
114345030735040	1
114425030505040	98
113850030260040	20
113965030520040	291
114300030555040	1
114325030660040	54
114415030505040	93
114455030745040	122
114795030830040	988
113955030520040	786
114145030610040	673
114315030660040	3260
114405030505040	409
114110030505040	552
114135030610040	20
114200031100040	846
114260030370040	1
114305030660040	611
114320030795040	510
114390030455040	99
114515030515040	40
114005030600040	1
114080030320040	1438
114125030610040	215
114245030620040	1486
114260030755040	3
114315030295040	1
114380030455040	7
114395031090040	609
114415030670040	6
114120030360040	208
114175030485040	37
114210030515040	1
114235030620040	430
114295030495040	1
114395030870040	526
114655030765040	2
114775030775040	159
114060030320040	349
114105030610040	200
114225030620040	15
114265030860040	247
114285030495040	3
114355030705040	213
114385030870040	1570
114475030715040	25
114595030725040	1272
114605030525040	6
114050030320040	10
114155030485040	830
114215030620040	4
114275030495040	2
114310030525040	86
114340030380040	5
114345030705040	708
114375030870040	1062
114470030465040	2
113980030625040	297
114095030445040	9
114205030620040	1
114210030680040	57
114265030495040	1
114300030525040	7
114325030630040	1688
114365030870040	8
114745030775040	266
113970030625040	244
114085030445040	429
114190030570040	2
114315030630040	782
114320030380040	2
114435030640040	3
114075030445040	3
114140030330040	1
114195030455040	175
114305030630040	3
114425030640040	12
114740030620040	91
114845030785040	691
114185030455040	700
114290030580040	6705
114300030690040	83
114420030390040	214
114455030880040	3
114545030725040	837
114770030860040	166
114280030580040	9256
114385031060040	216
114405030640040	15
114410030390040	1
114535030725040	752
114590030810040	11
113815030425040	282
114110030640040	156
114240030725040	1138
114390030590040	5
114465030300040	2
114480030435040	12
114230030725040	232
114335030600040	1
114340030350040	91
114380030590040	1
114395030475040	948
114635030735040	194
114755030745040	273
114220030725040	116
114265030465040	1
114330030350040	5
114340030735040	428
114385030475040	3
114970030880040	357
113765030240040	113
113840030510040	164
114085030415040	6
114190030540040	1
114200030650040	1
114255030465040	1
114320030350040	62
114320031265040	499
114375030475040	3
114790030830040	509
114895030995040	43
113885030325040	138
113990030760040	1
114180030540040	1
114295030800040	16
114305030600040	3187
114365030475040	1
114400030505040	870
114425030610040	1
113980030760040	3
114105030380040	5
114285030800040	3
114300030660040	114
114355030475040	37
114475030485040	399
114770030830040	2
114120030300040	3
114180030485040	175
114280030550040	26
114305030235040	1
114345030475040	15
114385031030040	1
114405030610040	5
114420030745040	1
114465030485040	373
114500030515040	9
114825030755040	198
113885030490040	1
113980030395040	1
114110030610040	355
114195030590040	671
114265030800040	2
114270030860040	652
113835030250040	236
113965030645040	309
114065030580040	7
114100030610040	1
114185030590040	86
114395030445040	1
114445030485040	167
114625030630040	364
113900030520040	8
113955030645040	1
114150030485040	293
114175030590040	1
114185030975040	209
114210030620040	114
114265030435040	1
114340030705040	681
114380030945040	922
114385030445040	1
114555030495040	3
114745030715040	244
114125030350040	224
114135030735040	705
114165030590040	553
114190030510040	182
114200030620040	100
114255030435040	49
114360030870040	1877
114080030445040	54
114155030590040	524
114180030510040	844
114250030495040	1
114310030630040	784
114320030705040	435
114325030205040	8
114355030060040	1
114635030870040	1503
114070030445040	56
114095030550040	230
114300030630040	1525
114310030705040	1
113855030220040	408
114045030310040	349
114060030445040	191
114280030520040	1
114290030905040	514
114295030405040	2
114335030370040	1
114465030455040	1
114540030725040	1
114195030560040	14
114220030495040	1
114290030155040	2
114325030370040	10
114390030530040	4
114400030640040	99
114505031120040	44
114680030590040	12
113965030615040	130
114040030445040	1
114065030550040	1
114185030560040	583
114445030455040	147
114460030300040	1
114860030810040	262
115050030900040	53
114175030560040	445
114270030465040	8
114295030570040	527
114375030030040	61
114555030465040	1
113755030395040	39
114135030705040	151
114165030560040	1
114255030405040	24
114260030465040	30
114285030570040	2338
114425030765040	652
114535030390040	4
114545030465040	2
114605030600040	6
114000030370040	174
114080030415040	420
114130030455040	475
114155030560040	980
114245030715040	2
114250030465040	1
114275030570040	5264
114310030600040	4233
114365030415040	1388
114430030300040	3
114890030995040	545
114120030455040	95
114235030715040	7
114265030570040	4069
114300030600040	4220
114345030340040	3
114355030415040	578
114360030475040	1
114475030425040	34
114525030775040	186
114255030570040	1064
114335030340040	16
114350030475040	58
114375030580040	95
114450030850040	2
113885030430040	91
113980030335040	216
114025030495040	281
114050030415040	1107
114195030530040	7
114325030340040	2
114335030725040	341
114340030475040	304
114365030580040	231
114390030500040	44
114400030610040	739
114575030435040	208
114160030425040	9
114185030530040	392
114235030880040	14
114315030340040	378
114330030475040	221
114355030580040	1005
114365030965040	101
114380030500040	122
114445030425040	1
113830030250040	17
114060030580040	271
114175030530040	522
114200030775040	1
114270030435040	1
114295030540040	963
114305030340040	472
114320030475040	1
114345030580040	864
114825030860040	98
114050030580040	131
114170030590040	909
114260030435040	187
114370030060040	1
114430030485040	90
114040030580040	737
114055030465040	1
114160030590040	745
114275030540040	634
114290030675040	258
114420030485040	140
114445030590040	11
114590030520040	2
113975030385040	31
114030030580040	3018
114150030590040	575
114265030540040	2097
114410030485040	773
114590030905040	1335
114750030880040	422
114090030240040	5
114255030540040	1603
114390030685040	3
114080030550040	1
114145030475040	756
114320030810040	88
114365030550040	2
114460030455040	6
114495030945040	93
114850030890040	252
114015030465040	2
114135030475040	426
114185030500040	3
114355030550040	13
114490031010040	90
114495030195040	2
114125030475040	76
114240030985040	1804
114295030510040	212
114345030550040	496
114440030455040	666
114790030925040	432
114115030475040	2
114165030500040	729
114170030560040	778
114180030635040	39
114300030370040	5
114370030030040	1
114425030705040	1457
114430030455040	153
114470030695040	231
113940030615040	195
114055030435040	3
114155030500040	1824
114160030560040	222
114225030485040	4
114250030405040	1
114290030645040	764
114325030860040	4
114370030415040	2955
114395030520040	71
114415030705040	29
114420030455040	896
114520030830040	626
114045030435040	730
114150030560040	2
114270030570040	8160
114280030645040	505
114335030495040	48
114360030415040	20
114400030380040	2
114410030455040	382
114525030715040	57
114880030935040	442
113945030720040	282
114035030435040	2
114140030560040	142
114205030485040	1
114260030570040	4136
114260031175040	88
114325030495040	13
114375030520040	11
114425030870040	245
114640030475040	1
114740030850040	6
114855030800040	633
114080030520040	247
114130030560040	821
114185030685040	174
114220030405040	3
114250030570040	3387
114315030495040	973
114365030520040	132
114370030580040	83
114630030475040	41
114980030945040	101
114240030570040	606
114295030695040	580
114305030495040	1
114355030520040	307
114360030580040	3
114125030445040	337
114190030605040	1197
114195030105040	3
114230030570040	765
114235030070040	21
114285030695040	1
114310030340040	167
114320030415040	46
114345030520040	74
114350030580040	1548
114440030425040	622
114710030850040	2
114095030260040	9
114170030530040	1
114180030605040	2052
114195031240040	388
114220030570040	294
114235030455040	3
114275030695040	256
114300030340040	141
114340030580040	93
114430030425040	2
114505030880040	642
114700030850040	446
114935030810040	4
114290030615040	2914
114330030580040	11
114420030425040	2
114580030675040	1
114865030985040	26
114255030695040	15
114270030540040	1346
114280030615040	2181
114320030580040	4
114325030080040	2
114410030425040	67
114440030590040	4
114570030675040	56
114750030820040	128
114800030860040	280
114975031000040	157
114205030455040	161
114260030540040	1685
114325030465040	6
114390030625040	571
113865030480040	60
114185030655040	10
114250030540040	775
114315030465040	6
114435030475040	6
114045030570040	390
114175030655040	1110
114295030665040	6
114360030550040	2
114475030500040	1
114535030925040	11
113935030325040	164
114035030570040	3765
114230030540040	1
114285030665040	10
114310030310040	8
114350030550040	45
114415030475040	7
114000030465040	316
114025030570040	439
114155030655040	336
114170030500040	1294
114210031070040	7
114230030925040	1
114275030665040	279
114340030550040	430
114405030475040	69
114455030500040	1
114520030985040	138
113825030480040	219
113945030490040	153
114015030570040	523
114095030615040	260
114160030500040	1356
114320031080040	1535
114330030550040	1084
114340030935040	1378
114385030675040	7
114435031030040	908
114515030485040	2
114580030645040	1485
114810030830040	29
115000030920040	1
114005030570040	2
114150030500040	150
114245030590040	25
114320030550040	209
114375030675040	98
114570030645040	91
114800030830040	965
114075030615040	1322
114195030625040	1737
114235030590040	659
114235031195040	275
114320030935040	472
114365030675040	153
114545030510040	1
114065030615040	49
114130030500040	1
114190030375040	1
114225030590040	955
114250030510040	397
114315030435040	51
114370030520040	2
114435030445040	1
114595030695040	296
113975030460040	1
114045030540040	429
114215030590040	1944
114240030510040	728
114295030635040	1877
114305030435040	14
114310030495040	36
114360030520040	530
114390031290040	42
114425030445040	81
114490030605040	3
114535029975040	75
113980030595040	586
114205030590040	1755
114230030510040	166
114285030635040	1470
114335030985040	1
114350030520040	371
114390030760040	12
114415030445040	1
114480030605040	12
114520030570040	5
114575030695040	17
114830030800040	348
114000030435040	5
114205030975040	1
114265031165040	308
114325030985040	303
114340030520040	7
114380030760040	19
114460031135040	1203
114915030890040	181
114940030810040	40
113945030460040	3
113960030595040	204
114015030540040	492
114190031240040	328
114265030635040	2
114330030520040	26
114375030260040	3
114375031175040	76
114500030880040	5
114555030695040	3
114745030915040	1
114750030975040	300
114125030550040	281
114140030685040	172
114200030820040	149
114245030560040	6
114255030635040	590
114305030985040	553
114320030520040	147
114495030655040	8
114605030830040	1
114725030840040	641
114735030915040	674
113755030410040	65
114115030550040	144
114130030685040	86
114235030560040	125
114320030905040	172
114590030780040	362
114615030465040	3
114105030550040	1
114225030560040	3288
114240030695040	3
114315030405040	208
114395031200040	1071
114435030415040	358
114215030560040	924
114295030605040	142
114310030465040	7
114410030530040	1
114585030665040	1438
114815030850040	173
114170030655040	2691
114195030760040	159
114205030560040	1262
114285030605040	4564
114325030570040	354
114340031020040	1
114395030230040	6
114520030540040	94
114575030665040	194
114795030740040	196
114805030850040	452
114040030645040	170
114275030605040	3707
114315030570040	192
114395030615040	34
114435030580040	1
114510030540040	4
114565030665040	628
114020030570040	44
114030030645040	68
114135030520040	1
114195030395040	4
114265030605040	3001
114270030665040	3
114385030615040	102
114400030475040	27
114555030665040	5
114620030550040	1
114080030230040	56
114090030305040	256
114125030520040	1
114140030655040	1
114185030395040	1
114245030530040	1266
114250030280040	1
114255030605040	1676
114305030955040	1
114375030615040	1193
114440030500040	1
113925030430040	142
114365030615040	467
114370030675040	38
114430030500040	155
114060030230040	305
114225030530040	14
114235030915040	757
114300030800040	349
114355030615040	57
114360030675040	512
114420030500040	121
113910030490040	81
114060030615040	589
114090030470040	324
114215030530040	323
114230030665040	717
114310030435040	206
114335030540040	24
114345030615040	1
114410030500040	220
114430030135040	4
113900030490040	79
114050030615040	199
114210030590040	2466
114275031105040	1173
114325030540040	255
114330030290040	171
114345030175040	82
114455030625040	13
114805030820040	503
114085030355040	337
114160030625040	577
114200030590040	1212
114315030540040	95
114320030290040	1
114445030625040	22
114640030905040	1
114020030540040	206
114150030625040	187
114270030635040	3377
114305030540040	22
114320030675040	89
114400030445040	16
114435030935040	508
114560030695040	115
113940030460040	637
114140030625040	592
114260030635040	193
114480030710040	1
114550030695040	163
114130030625040	3
114235030500040	673
114250030635040	184
114265031270040	381
114280030490040	44
114290030875040	1
114405030550040	1
114470030710040	1156
114590030720040	123
114035030280040	1
114110030550040	632
114225030500040	365
114240030635040	194
114100030550040	333
114145030290040	1
114155030365040	21
114215030500040	123
114230030635040	1122
114310030405040	859
114335030510040	2
114015030280040	210
114025030665040	913
114145030675040	1205
114205030500040	381
114210030560040	3545
114300030405040	647
114325030510040	1
114340030645040	652
114345030145040	1
114365030750040	1001
114380030885040	1900
114460030655040	20
113840030420040	321
114070030750040	2031
114085030325040	655
114200030560040	1479
114255030375040	7
114315030510040	18
114320030260040	3
114320031175040	52
114330030645040	456
114355030750040	1
114370030885040	55
114375030385040	17
114605030570040	336
114810030925040	188
114270030605040	2840
114305030510040	12
114310030570040	12
114320030645040	2319
114345030750040	221
114425030520040	1
114440030655040	2
114560030665040	55
114260030605040	5039
114285030710040	36
114300030570040	1
114430030655040	81
113870030295040	686
113930030430040	37
114225031000040	116
114250030605040	4311
114275030710040	1793
114370030615040	133
114395030720040	1
114035030250040	203
114240030605040	876
114265030710040	127
114360030615040	40
114385030720040	2186
114390030470040	1929
114410030655040	1
114155030335040	1
114230030605040	984
114255030710040	949
114260030770040	290
114380030470040	1657
113790030255040	49
114025030635040	476
114145030645040	15
114210030530040	1
114220030605040	420
114315030695040	584
114340030615040	1
114365030720040	1
114370030780040	279
114460030625040	1
114135030645040	283
114200030530040	152
114355030720040	2
114370030855040	437
114480030480040	175
114310030540040	187
114345030720040	157
114470030480040	30
114610030675040	316
113880030265040	52
114095030460040	3
114235030655040	4
114290031345040	225
114300030540040	68
114300031145040	218
114535030500040	9
113905030480040	180
114085030460040	1194
114330030780040	509
114075030460040	188
114215030655040	2645
114280030815040	1
114335030665040	33
114410030625040	80
114675030750040	907
114690030885040	272
114065030460040	148
114325030665040	599
114380030440040	2
114785030760040	466
114795030835040	606
113830030190040	75
114145030615040	1870
114210030500040	2
114315030665040	39
114420030790040	370
114500030560040	12
114775030760040	1
114135030615040	1713
114200030500040	2
114240030740040	493
114285030480040	51
114410030790040	4
114605030510040	87
113965030690040	355
114080030325040	1
114125030615040	191
114130030365040	5
114155030470040	268
114245030625040	885
114250030375040	1
114275030480040	144
114310030510040	86
114395030490040	21
114480030835040	134
113955030690040	67
114070030325040	1256
114115030615040	133
114235030625040	4297
114265030480040	230
114290030400040	3
114300030510040	65
114340030750040	95
114385030490040	65
114015030770040	6
114105030615040	9
114225030625040	836
114330030750040	2
114375030490040	11
114385030875040	575
114410031125040	2
114540030605040	33
114565030710040	2
114050030325040	1
114075030430040	7
114090030565040	1
114215030625040	13
114245030790040	211
114270030710040	270
114375030875040	609
114400030520040	41
114555030710040	19
114140030700040	17
114160030335040	2
114205030625040	1792
114260030710040	129
114315030250040	1
114325030635040	2319
114365030875040	1941
114380030410040	1
114485030885040	1
114545030710040	1
114060030490040	430
114150030335040	2
114250030710040	11
114290030950040	246
114315030635040	451
114345030490040	1
114355030875040	1301
114440030395040	1
114535030710040	285
114140030335040	5
114180030575040	3
114305030635040	427
114425030645040	3
114430030395040	312
114040030490040	53
114250030345040	5
114290030585040	5681
114300030695040	1448
114415030645040	4
114420030395040	154
114695030595040	3
114265030450040	26
114280030585040	4380
114405030645040	26
114085030400040	1
114180030305040	2
114330030720040	5
114375030460040	4
114390030595040	35
114515030655040	13
113955030295040	179
114075030400040	290
114080030460040	656
114340030355040	1
114365030460040	39
114440030730040	3
114610030780040	12
114730030790040	405
114845030740040	183
114070030460040	1101
114115030750040	241
114325030605040	1
114330030355040	52
114365030845040	4
114475030470040	1
114785030700040	407
114125030385040	238
114180030470040	459
114190030545040	1
114290030920040	3
114315030605040	586
114320030355040	102
114345030460040	22
114435030615040	45
114465030470040	6
113980030380040	66
113985030705040	3
114045030710040	691
114050030460040	4
114170030470040	958
114180030545040	3
114295030805040	376
114305030605040	3493
114425030615040	11
114950030885040	486
114055030345040	13
114205030760040	317
114300030665040	5
114755030700040	132
114000030605040	3
114150030470040	236
114185030960040	161
114270030480040	4
114280030555040	604
114385031035040	1
114630030750040	110
114110030615040	2391
114195030595040	3424
114260030480040	20
114385030815040	360
114545030480040	6
114675030875040	5
114065030585040	178
114080030430040	1
114090030505040	520
114125030720040	15
114130030470040	448
114185030595040	888
114245030730040	153
113900030525040	1
114120030470040	71
114210030625040	2133
114235030730040	26
114360030490040	6
114475030440040	1
114550030710040	2678
114105030720040	1306
114165030595040	552
114190030515040	1
114200030625040	844
114225030730040	1100
114360030875040	14
114420030700040	16
114465030440040	6
114540030710040	721
114695030900040	584
115020030860040	1
114180030515040	389
114310030635040	2167
114335030740040	1
114340030490040	5
114410030700040	1
114455030440040	2
114780030805040	295
114040030430040	370
114055030315040	1
114290030525040	78
114300030635040	53
114330030490040	16
114445030440040	29
114520030710040	1042
114045030315040	218
114270030450040	339
114320030490040	497
114335030375040	69
114435030750040	212
114690030595040	1
114195030565040	34
114345030980040	282
114400030645040	30
114490030910040	163
114680030595040	176
114780030970040	169
114870030815040	1
114010030740040	230
114185030565040	436
114245030700040	2
114315030375040	1
114365030400040	28
114370030460040	2
114395031170040	1
114460030305040	2
114480030910040	195
114550030895040	279
114785030855040	148
113855030390040	24
113985030475040	3
114070030400040	1
114135030325040	1
114175030565040	294
114280030690040	2
114295030575040	4128
114425030385040	34
114060030400040	108
114165030565040	17
114230030450040	4
114285030575040	4177
114350030460040	1
114025030480040	3
114145030490040	239
114275030575040	2762
114310030605040	1447
114335030710040	1737
114430030305040	2
114455030410040	3
113920030295040	1504
114105030325040	571
114160030410040	267
114265030575040	2553
114300030605040	1780
114330030460040	1
114345030345040	10
114385030585040	5
114445030410040	1
114085030525040	239
114200030760040	4
114255030575040	2303
114335030345040	50
114375030585040	151
114790030940040	734
113900030295040	255
114195030535040	1838
114260030420040	10
114325030345040	77
114365030585040	11
114390030505040	406
114400030615040	22
114465030960040	141
114675030815040	500
113995030445040	180
114055030450040	202
114165030900040	241
114185030535040	1
114200030395040	2
114235030885040	1
114290030660040	825
114315030345040	192
114355030585040	132
114380030505040	2
114420030470040	7
114475030595040	9
114280030660040	349
114295030545040	122
114305030345040	6
114345030585040	211
114405030720040	30
114410030470040	894
114465030595040	36
114825030865040	1
114995030900040	636
113965030370040	149
114035030450040	286
114455030595040	1
114520030480040	8
114710030700040	38
114765030825040	3
113810030255040	57
113850030495040	1
114025030450040	28
114040030585040	689
114145030460040	115
114160030595040	6
114275030545040	1973
114445030595040	1
113945030370040	22
114030030585040	44
114135030460040	1034
114265030545040	4757
114450030440040	25
114465030015040	7
114620030490040	114
114005030450040	2108
114125030460040	334
114255030545040	1999
114440030440040	21
114115030460040	3
114195030505040	580
114430030440040	23
114780030910040	277
114070030555040	294
114185030505040	1
114290030630040	454
114355030555040	267
114370030400040	58
114420030440040	2
114465031095040	74
114490031015040	2
114580030690040	270
114835030835040	150
114175030505040	4
114280030630040	1525
114295030515040	437
114335030480040	102
114345030555040	524
114360030400040	2
114410030440040	1
114570030690040	660
114760030910040	268
114075030660040	2
114165030505040	2052
114170030565040	9
114205030470040	2
114285030515040	3
114300030375040	55
114325030480040	1
114390030640040	77
114445031095040	766
114040030555040	152
114155030505040	2185
114280030265040	60
114315030480040	1
114360030035040	7
114395030525040	255
114435030490040	84
114015030420040	250
114150030565040	3
114175030670040	5
114255031045040	805
114270030575040	514
114305030480040	1578
114400030385040	1
114425030490040	46
114485030900040	263
114620030460040	190
114630030845040	532
114065030295040	453
114140030565040	2
114260030575040	5235
114375030525040	1
114415030490040	106
114080030525040	3
114250030575040	8803
114275030680040	3
114350030950040	4
114365030525040	66
114370030585040	46
114405030490040	2
114430030410040	30
114220030940040	122
114240030575040	1607
114290030600040	2767
114300030710040	2
114355030525040	1093
114360030585040	3
114385030690040	85
114450031180040	82
114465031065040	951
114580030660040	20
114645030585040	50
113870030435040	252
114060030525040	45
114230030575040	2956
114280030600040	2513
114310030345040	254
114345030525040	42
114350030585040	18
114825030805040	301
114075030630040	1
114195030640040	1
114220030575040	541
114275031015040	388
114300030345040	2
114340030585040	127
114390030610040	1
114445031065040	43
114460030595040	1
114190030390040	8
114330030585040	1
114380030610040	218
114435030460040	2
114450030595040	1
114545030910040	283
114615030895040	606
113960030445040	356
114030030525040	1566
114055030630040	11
114270030545040	4593
114285031180040	143
114295030650040	435
114305030450040	6
114320030585040	1
114420030960040	9
114425030460040	38
114630030815040	3
114750030825040	333
114800030865040	2
113875030485040	731
114165030640040	107
114260030545040	2284
114415030460040	14
114495030505040	1
113865030485040	255
114155030640040	584
114235031015040	5
114250030545040	1504
114370030555040	3
114405030460040	38
114420030595040	30
114470030620040	1
114485030505040	1
114755030930040	356
114095030600040	434
114110030460040	49
114240030545040	2
114265030650040	603
114360030555040	11
114440030015040	65
114035030575040	1007
114085030600040	457
114090030350040	707
114100030460040	82
114230030545040	51
114255030650040	2222
114310030315040	4
114350030555040	14
114465030505040	1
114570030630040	573
113885030510040	255
113980030415040	1039
114025030575040	502
114170030505040	1161
114195030610040	327
114210030470040	203
114210031075040	1
114220030545040	881
114325030420040	23
114340030555040	1864
114820030835040	61
114015030575040	752
114150030120040	56
114160030505040	584
114185030610040	2784
114200030470040	1
114315030420040	154
114330030555040	6
114435030430040	13
114445030505040	14
114810030835040	222
113960030415040	388
113985030520040	6
114080030295040	392
114150030505040	466
114175030610040	524
114245030595040	156
114295030620040	2507
114305030420040	102
114310030480040	19
114315030805040	1844
114345030660040	90
114425030430040	4
114465030670040	4
114520030025040	35
114800030835040	27
114920030845040	1
113980030580040	13
114165030610040	1304
114250031045040	50
114285030620040	2500
114300030480040	705
114415030430040	7
114155030610040	1031
114225030595040	610
114250030515040	1314
114275030620040	23
114370030525040	249
114395030630040	107
114405030430040	5
114475031005040	320
114525030440040	1
113960030580040	2
113975030465040	1
114215030595040	1087
114265030620040	4015
114270030680040	7
114360030525040	258
114385030630040	6
114385031235040	186
114400030490040	248
113845030455040	147
113965030465040	198
114140030670040	14
114205030595040	1226
114255030620040	357
114260030680040	1
114350030525040	749
114375030630040	123
114380030380040	1
113835030455040	244
114145030555040	33
114210031045040	947
114220030515040	1258
114340030525040	108
114365030630040	6
114370030690040	2241
114560030910040	865
114070030630040	252
114270030100040	22
114330030525040	303
114360030690040	92
114430030900040	295
114435030400040	875
114720030960040	266
114060030630040	4
114125030555040	32
114245030565040	502
114310030450040	82
114320030525040	9
114585030650040	133
114635030690040	228
113925030465040	156
114115030555040	62
114235030565040	6300
114455030640040	1
114575030650040	324
114160030640040	2
114180030275040	4
114225030565040	1929
114240031015040	18
114280030340040	40
114395030600040	2
114405030400040	26
114420030535040	97
114445030640040	14
114565030650040	1822
114900030815040	141
114030030630040	1
114150030640040	387
114195030380040	74
114215030565040	349
114270030650040	19
114335030575040	300
114385030600040	182
114400030460040	139
114410030535040	30
114510030910040	763
114555030650040	508
114075030755040	2
114140030640040	22
114205030565040	2972
114260030650040	1281
114310030690040	5
114325030575040	1356
114375030600040	1
114795030745040	210
114805030855040	664
114030030265040	156
114080030600040	1
114130030640040	390
114150030275040	1
114250030650040	665
114315030575040	544
114355031130040	375
114365030600040	78
114435030585040	3
114500030470040	2
114020030575040	1299
114135030525040	167
114200031015040	942
114240030650040	2104
114285030390040	1
114355030600040	1
114425030585040	239
114475030610040	20
114505030045040	3
114230030650040	817
114310030420040	557
114345030600040	66
114350030660040	30
114440030505040	1
114725030815040	2
114755030670040	541
113785030240040	8
113925030435040	451
114095030340040	402
114145030690040	536
114170030610040	799
114220030650040	1960
114225030150040	3
114275030775040	1
114340030660040	1254
114345030160040	3
114430030505040	418
114455030610040	15
114550030515040	3
114575030620040	23
114135030690040	1
114160030610040	1156
114330030660040	1248
114385030785040	267
114420030505040	61
114445030610040	1
114515030595040	20
113885030250040	7
114075030340040	2
114100030585040	4
114150030610040	3123
114270030620040	2648
114320030660040	5
114335030545040	2341
114410030505040	1289
114505030595040	1
114530030515040	1
114815030825040	79
114075030725040	1
114115030690040	2450
114140030610040	613
114205030535040	1075
114210030595040	2174
114260030620040	533
114325030545040	12
114390030705040	2
114805030825040	209
114130030610040	2092
114190030485040	10
114200030595040	1120
114250030620040	1196
114315030545040	131
114355031100040	6
114370030630040	1
114380030705040	435
114670030765040	329
114790030775040	447
114900030950040	61
114120030610040	196
114165030350040	1
114240030620040	2599
114305030545040	101
114465031110040	323
113965030570040	211
114035030650040	396
114055030285040	69
114230030620040	1741
114290030495040	2
114395030370040	26
114480030715040	5
114610030525040	17
114145030660040	1
114155030735040	29
114220030620040	53
114235030505040	1095
114265030360040	11
114280030495040	12
114380030870040	327
114395030755040	1
114405030555040	1
114460030640040	8
114600030525040	10
113800030455040	67
114085030310040	670
114135030660040	497
114225030505040	37
114255030360040	1
114330030630040	189
114370030870040	1669
114025030285040	1
114075030310040	743
114145030295040	8
114215030505040	63
114320030630040	2436
114335030515040	78
114440030640040	16
114560030650040	7
114135030295040	45
114205030505040	29
114210030565040	3161
114325030515040	660
114190030455040	463
114200030565040	2757
114295030330040	1
114315030515040	40
114320030265040	1
114215030670040	122
114230031120040	218
114305030515040	1
114310030575040	39
114360030600040	8
114410030640040	54
113940030435040	971
114035030620040	4
114285030715040	2
114325030680040	684
114350030600040	33
114395030340040	5
114640030660040	15
114770030745040	241
114795030850040	626
114890030755040	1
114145030630040	498
114275030715040	1
114340030600040	22
114395030725040	10
114405030525040	55
114075030495040	328
114135030630040	999
114255030330040	1
114265030715040	456
114305030680040	431
114385030725040	5
114390030475040	1300
114450030610040	2
114735030610040	9
114905030970040	17
114090030415040	308
114245030640040	845
114255030715040	637
114380030475040	393
114440030610040	24
114000030680040	4
114115030630040	457
114120030380040	1
114135030265040	3
114210030535040	78
114235030640040	854
114315030100040	1
114430030610040	3
114655030785040	1326
114775030795040	1
114200030535040	643
114225030640040	763
114290030800040	1133
114355030725040	18
114420030610040	6
114310030545040	148
114335030650040	428
114410030610040	12
114470030485040	80
114160030350040	37
114205030640040	1588
114220030775040	80
114300030545040	65
114325030650040	771
114365030890040	5
114535030505040	1
114575030745040	223
113970030645040	518
114040030725040	71
114145030600040	2
114190030590040	11
114265030300040	4
114315030650040	792
114020030650040	408
114035030225040	358
114075030465040	21
114135030600040	15
114140030350040	1
114150030735040	97
114195030475040	358
114305030650040	93
114390030445040	1
114400030555040	1
114440031110040	156
113940030570040	310
114080030310040	448
114125030600040	2
114245030610040	1635
114365030310040	2
114380030445040	1
114070030310040	27
114175030475040	2485
114235030610040	1250
114385031080040	878
114760030880040	3
113815030445040	3
114060030310040	35
114105030600040	1
114120030735040	4
114165030475040	1114
114200030505040	291
114225030610040	15
114230031275040	12
114285030485040	105
114595030715040	236
113895030710040	108
114090030550040	190
114120030295040	18
114155030475040	644
114215030610040	1972
114275030485040	12
114310030515040	42
114375030860040	6
114395030495040	1622
114495030870040	2
114570030830040	950
114690030840040	541
113955030695040	8
114205030610040	559
114210030670040	1043
114265030485040	2
114290030405040	13
114325030620040	541
114365030860040	30
114385030495040	51
114485030870040	175
114640030600040	444
113780030395040	132
114015030775040	7
114190030560040	889
114315030620040	503
114330030755040	267
114375030495040	22
114435030630040	99
113885030345040	109
114075030435040	22
114180030560040	324
114270030715040	483
114305030620040	773
114325030255040	16
114365030495040	13
114400030525040	5
114425030630040	28
114430030380040	431
114620030600040	974
114055030360040	802
114065030435040	468
114140030705040	1
114235030795040	2891
114250030330040	21
114250031245040	751
114260030715040	3
114290030570040	6007
114310030755040	193
114415030630040	1
114540030390040	4
114545030715040	915
114885030800040	602
113970030780040	261
114240031245040	1210
114250030715040	4
114275030820040	225
114280030570040	4886
114370030725040	148
114405030630040	3
114410030380040	1
114535030715040	2
113920030540040	17
114240030715040	3
114265030820040	490
114350030340040	1
114400030690040	430
113965030665040	252
114235030215040	3
114350030725040	1
114380030580040	18
114860030860040	669
113785030305040	46
114095030405040	1
114210030640040	770
114265030455040	5
114385030465040	480
114085030405040	72
114190030530040	116
114200030640040	346
114320030340040	260
114330030725040	115
114375030465040	10
114895030985040	162
114180030530040	552
114365030465040	2
114425030600040	192
114610030785040	9
114845030745040	204
113995030325040	148
114070030465040	200
114220030880040	161
114290030540040	52
114300030650040	136
114475030475040	2
114060030465040	1
114180030475040	219
114285030040040	80
114290030925040	1
114385031020040	941
114405030600040	7
114465030475040	1
114500030505040	1
114825030745040	75
114050030465040	2
114110030600040	422
114170030475040	5
114195030580040	2
114215030765040	14
114385030800040	199
113995030490040	48
114065030570040	355
114100030600040	594
114160030475040	448
114185030580040	1185
114445030475040	1
114135030340040	4
114150030475040	422
114210030610040	3015
114265030425040	70
114295030590040	4915
114380030935040	450
114385030435040	16
114775030870040	181
114140030475040	923
114180031030040	1
114200030610040	513
114255030425040	1
114285030590040	359
114360030860040	1330
114450030705040	1
114125030725040	1
114130030475040	795
114155030580040	229
114180030500040	590
114275030590040	3184
114310030620040	1711
114370030495040	3
114415030785040	11
114235030735040	1
114265030590040	5813
114290030510040	26
114300030620040	2809
113895030450040	1
114085030540040	1
114225030735040	32
114255030590040	810
114280030510040	6
114335030360040	58
114420030705040	414
114465030445040	5
114710030765040	557
114195030550040	1
114290030145040	3
114320030860040	229
114325030360040	19
114340030495040	1
114390030520040	26
114400030630040	614
114410030705040	3
114455030445040	21
114495031000040	172
114820030775040	387
113995030460040	404
114040030435040	42
114185030550040	1016
114270030070040	1
114315030360040	56
114330030495040	862
114380030520040	4
114445030445040	2
114485030995040	430
114520030715040	692
114565030455040	49
114015030300040	195
114030030435040	1
114175030550040	1
114185030935040	145
114190030685040	5
114270030455040	51
114320030495040	1
114355031300040	6
114490030530040	1
114630030725040	833
113820030270040	670
114260030455040	107
114285030560040	198
114375030405040	1
114545030455040	6
114765030840040	1093
114960030810040	55
113770030305040	1
113965030770040	67
114080030405040	2
114130030445040	60
114165030935040	342
114250030455040	1
114275030560040	2603
114290030695040	125
114295030195040	1
114365030405040	12
114370030465040	45
114405030370040	23
114890030985040	26
114900030785040	246
114070030405040	263
114095030510040	18
114105030310040	10
114120030445040	66
114265030560040	336
114350030080040	5
114510030880040	62
114880030985040	316
114255030560040	392
114345030405040	1
114375030570040	3
114990030995040	55
114145030495040	239
114335030715040	29
114365030570040	243
114400030600040	2
114455030415040	26
114965030860040	56
114135030495040	46
114210030765040	647
114355030570040	48
114450030475040	4
114150030415040	160
114175030520040	69
114200030765040	56
114295030530040	17
114310030390040	65
114320030465040	7
114345030570040	31
114440030475040	196
114655030800040	475
114775030810040	283
114020030715040	325
114050030570040	781
114165030520040	1
114170030580040	20
114260030425040	48
114430030475040	9
114455030580040	7
114480030500040	67
114550030485040	4
113940030635040	180
114040030570040	1708
114055030455040	59
114155030520040	846
114290030665040	540
114370030435040	2
114420030475040	61
114445030580040	1
114030030570040	2270
114045030455040	1
114150030580040	796
114165030155040	13
114265030530040	1335
114270030590040	7133
114280030665040	188
114410030475040	10
114580030510040	4
114760030945040	173
113950030490040	281
114035030455040	2
114255030530040	668
114260030590040	1735
114025030455040	560
114080030540040	2
114250030590040	667
114365030540040	347
114460030445040	2
114510030485040	1
114560030820040	114
114610030860040	551
114015030455040	1
114135030465040	288
114240030590040	8
114355030540040	19
114450030445040	1
114005030455040	654
114125030465040	262
114225030840040	1157
114230030590040	3
114295030500040	51
114310030360040	367
114335031070040	1
114345030540040	602
114425030310040	1
114440030445040	44
114610030495040	8
114825030820040	135
115015030910040	8
114220030590040	396
114430030445040	3
114550030455040	1
114660030905040	184
113915030375040	98
114160030550040	1226
114275030500040	1
114290030635040	706
114370030405040	255
114395030510040	1276
114890030925040	139
114030030540040	536
114150030550040	705
114215030475040	4
114270030560040	2184
114280030635040	1027
114295031270040	18
114335030485040	138
114360030405040	1
114385030510040	347
114400030370040	157
114410030445040	8
114450031000040	1
114525030705040	47
114570030695040	2
113965030345040	191
114250031090040	4
114260030560040	1239
114325030485040	312
114375030510040	28
114080030510040	4
114130030550040	61
114315030485040	8
114365030510040	41
114370030570040	39
114435030495040	1584
114625030715040	3
114730030840040	128
114015030425040	254
114045030590040	1
114120030550040	280
114240030560040	1325
114305030485040	94
114355030510040	147
114360030570040	46
114425030495040	13
114450030415040	10
114600030830040	1
114010030485040	309
114060030510040	9
114130030185040	1
114165030675040	621
114230030560040	119
114320030405040	2
114345030510040	453
114350030570040	16
114415030495040	96
114465030520040	1
114515030870040	314
114025030590040	196
114050030510040	251
114210031090040	409
114215030810040	2
114220030560040	315
114300030330040	29
114405030495040	18
114430030415040	664
114460030580040	70
114465030905040	546
114935030800040	11
114940030860040	356
114015030590040	676
114160030520040	533
114200031090040	164
114290030605040	4166
114330030570040	1030
114580030665040	108
114810030850040	1
113975030315040	25
114150030520040	1301
114280030605040	2644
114320030570040	1005
114375030695040	150
114440030580040	16
114570030665040	284
114260030530040	591
114390030615040	69
114430030580040	45
114990030905040	1
113995030555040	3
114190030395040	2
114250030530040	223
114270030165040	3
114370030540040	2
114380030615040	399
114420030580040	2
114670030675040	734
113930030740040	1
114140030155040	122
114240030530040	4
114295030655040	124
114305030455040	1
114360030540040	488
114425030465040	8
114600030800040	260
114840030820040	3
114010030455040	4
114155030260040	1
114165030645040	133
114350030540040	85
114390030780040	35
114520030590040	21
114935030985040	122
113810030365040	149
114000030455040	779
114025030560040	94
114145030570040	587
114155030645040	117
114220030530040	38
114340030540040	1293
114405030465040	16
114470030625040	8
114820030820040	5
114950030905040	748
114110030465040	365
114330030540040	158
114090030355040	212
114100030465040	505
114245030580040	2526
114320030540040	18
114505030475040	1
114570030635040	3
114800030820040	433
114920030830040	2681
114075030605040	178
114210030475040	23
114235030580040	1365
114320030925040	188
114325030425040	1
114365030665040	238
114070030665040	359
114185030615040	252
114225030580040	2612
114355030665040	195
114370030510040	150
114435030435040	1322
114540030560040	13
114550030945040	151
113985030525040	3
114215030580040	394
114240030500040	126
114280030740040	334
114295030625040	28
114305030425040	1
114310030485040	45
114335030590040	107
114360030510040	26
114425030435040	2
114540030945040	35
113820030335040	178
113980030585040	1
114155030230040	1
114165030615040	501
114170030675040	531
114205030580040	2
114215030965040	886
114260031270040	192
114285030625040	740
114325030590040	4
114350030510040	836
114415030435040	3870
114575030685040	37
114025030530040	444
114030030280040	1
114155030615040	478
114275030625040	624
114340030510040	34
114395030635040	52
114405030435040	1
114625030820040	482
114020030590040	10
114265030625040	2486
114305030590040	11
114330030510040	35
114385030635040	12
114400030495040	8
114435030985040	291
114555030685040	157
114865030915040	172
114010030590040	2
114200030810040	1
114245030550040	419
114255030625040	6170
114320030510040	659
114375030635040	1
114740030965040	179
113890030545040	1
113925030450040	1
114080030635040	1
114235030550040	355
114250030685040	364
114055030500040	1129
114225030550040	2160
114240030685040	105
114435030405040	7
114060030635040	1164
114310030455040	5
114335030560040	7
114465030645040	1
114815030840040	327
114170030645040	24
114205030550040	2432
114275031125040	43
114325030560040	4
114805030840040	545
114030030250040	3
114040030635040	455
114145030510040	369
114150030260040	4
114160030645040	761
114315030560040	50
114380030720040	986
114405030405040	987
114435030570040	23
114435031175040	53
114510030530040	1
114565030655040	494
114020030560040	567
114150030645040	599
114195030385040	7
114270030655040	13
114305030560040	25
114385030605040	588
114400030465040	10
114555030655040	743
114800030975040	90
113935030420040	1
114140030645040	918
114260030655040	91
114310030695040	763
114375030605040	63
114415030570040	2
114610030540040	3
114115030510040	207
114235030520040	281
114250030655040	32
114265031290040	1
114295030395040	1
114365030605040	42
114370030665040	396
114420031020040	608
114105030510040	307
114120030645040	10
114215031050040	248
114225030520040	176
114240030655040	687
114265030760040	1
114355030605040	167
114360030665040	1
114475030615040	15
114540030500040	11
114090030460040	2848
114215030520040	52
114230030655040	2
114270031210040	1
114335030530040	89
114345030605040	32
114350030665040	108
114495030780040	142
114530030500040	2
113785030245040	24
114170030615040	592
114210030580040	8
114220030655040	1491
114325030530040	76
114340030665040	42
114575030625040	8
113840030440040	61
114160030615040	45
114315030530040	208
114330030665040	1
114445030615040	33
114020030530040	494
114075030345040	580
114150030615040	378
114270030625040	211
114295030730040	158
114305030530040	92
114310030590040	339
114490030700040	577
114750030905040	209
114140030615040	37
114260030625040	3864
114290030480040	3
114300030590040	4154
114300031195040	761
114415030540040	8
114455030780040	7
114130030615040	1993
114250030625040	1054
114280030480040	1635
114355031105040	1
114395030740040	72
114470030700040	603
114515031080040	70
114590030710040	4
113815030325040	1
114120030615040	234
114240030625040	4338
114375031270040	22
114390030490040	11
114840030915040	516
114035030655040	3
114100030540040	1
114230030625040	2122
114255030730040	12
114335030500040	164
114380030490040	699
114395030375040	1011
114025030655040	1946
114325030500040	72
114380030875040	3
114385030375040	1
114450030260040	1
114460030645040	17
113720030400040	3
114015030655040	620
114085030315040	3
114135030665040	41
114315030500040	4
114370030875040	1607
114435030510040	9
114685030605040	122
114075030315040	2031
114125030665040	9
114295030700040	970
114305030500040	54
114310030560040	219
114320030635040	516
114345030740040	26
114425030510040	21
114560030655040	96
114610030695040	1421
114235030675040	607
114275031230040	167
114285030700040	21
114300030560040	31
114415030510040	82
114430030645040	19
114045030240040	8
114225030675040	99
114370030605040	39
114405030510040	4
114420030645040	149
114525030520040	238
114695030845040	750
114075030480040	6
114110030510040	38
114390030460040	33
114410030645040	13
114515030520040	13
113965030545040	1
114035030625040	1
114090030400040	509
114140030750040	1
114185030490040	208
114255030700040	1115
114260030760040	1
114350030605040	988
114505030520040	2
114590030315040	244
114625030530040	541
114795030855040	128
113915030305040	1
114145030635040	321
114150030385040	111
114175030490040	815
114210030520040	669
114315030685040	108
114340030605040	50
114630030665040	648
114015030625040	331
114120030750040	364
114135030635040	896
114240030760040	405
114355030710040	550
114440031145040	63
114450030615040	26
114605030530040	1747
113805030460040	344
114155030490040	446
114245030645040	1284
114345030710040	2194
114440030615040	3
114470030470040	1
114560030625040	152
113880030255040	82
114000030685040	1
114070030345040	1342
114095030450040	31
114235030645040	519
114300030530040	382
114340030770040	237
114405030695040	1046
114575030730040	3
114995030875040	1
114085030450040	2
114330030770040	147
114075030450040	6
114335030655040	666
114410030615040	1
114140030720040	555
114160030355040	2
114185030460040	83
114260030730040	428
114325030655040	815
114365030895040	311
114795030825040	56
114145030605040	809
114190030595040	466
114250030730040	2
114265030305040	1
114295030470040	1
114315030655040	3154
114500030550040	18
114655030740040	4
114020030655040	85
114135030605040	1074
114240030730040	715
114260030365040	86
114285030470040	1
114295030855040	298
114305030655040	1484
114320031105040	11
114345030895040	1057
114410030780040	1
114480030440040	4
114080030315040	5
114125030605040	1218
114230030730040	20
114245030615040	800
114275030470040	18
114310030500040	77
114395030480040	51
114885030835040	204
114070030315040	206
114115030605040	296
114235030615040	1602
114265030470040	1
114385030480040	1
114575030700040	2
114760030885040	1
114840030655040	216
114865030760040	30
114880030895040	743
114060030315040	1
114085030420040	45
114105030605040	9
114225030615040	1329
114255030470040	5
114385030865040	220
114495030490040	14
114050030315040	1293
114090030555040	664
114170030325040	25
114215030615040	603
114340030375040	9
114375030865040	1846
114400030510040	1171
114555030700040	416
114845030760040	117
114015030395040	8
114040030315040	1387
114205030615040	1249
114210030675040	259
114260030700040	296
114260031305040	848
114310030740040	7
114330030375040	173
114355030480040	2
114365030865040	802
114485030875040	665
114180030490040	16
114250030700040	14
114295030440040	289
114295031045040	24
114305030240040	1
114315030625040	4851
114320030375040	138
114355030865040	300
114435030635040	1
114535030700040	1
113985030725040	3
114170030490040	421
114180030565040	375
114240030700040	1
114305030625040	1122
114345030865040	1154
114430030385040	1
114620030605040	100
113865030275040	396
114160030490040	1864
114250030335040	1
114290030575040	3123
114350030710040	152
114420030385040	8
114445030490040	13
114695030585040	120
113955030650040	237
114000030625040	116
114150030490040	244
114225030200040	50
114265030440040	23
114280030575040	6742
114340030710040	1090
114405030635040	1
114140030490040	286
114230030335040	1
114255030440040	1
114295030990040	74
114330030710040	984
114990030875040	1
113885030300040	86
114080030450040	1233
114145030375040	107
114210030260040	2
114380030585040	1
114440030720040	11
114485031065040	22
114545030885040	2
114980030875040	206
114070030450040	96
114330030345040	17
114550030730040	284
114005030365040	88
114060030450040	610
114190030535040	2858
114200030645040	747
114320030345040	32
114435030605040	51
114595030855040	1094
114790030825040	2031
114045030700040	1
114050030450040	227
114230030885040	1
114425030605040	1
114470030595040	3
115010030880040	43
114105030375040	3
114160030460040	83
114290030545040	19
114300030655040	2442
114315031290040	721
114445030460040	33
114890030835040	183
113895030485040	306
114085030575040	667
114145030710040	1
114270030470040	649
114380030920040	2
114405030605040	222
114555030470040	1
114750030750040	5
114035030335040	21
114075030575040	290
114195030585040	1399
114255030410040	2
114260030470040	1
113835030245040	82
114080030420040	501
114100030605040	305
114130030460040	400
114145030345040	12
114185030585040	984
114245030720040	793
114365030420040	688
113940030755040	250
114020030395040	1
114120030460040	367
114135030345040	1
114175030585040	1543
114210030615040	2
114295030595040	3323
114385031190040	766
114475030430040	4
114105030710040	308
114200030615040	347
114225030720040	577
114285030595040	4076
114360030865040	9
114540030700040	142
114050030420040	1
114180030505040	809
114220030470040	13
114275030595040	3007
114310030625040	1359
114335030730040	267
114340030480040	2
114455030430040	22
114210030780040	1
114265030595040	4705
114300030625040	3
114330030480040	86
114445030430040	96
114865030885040	87
114150030430040	1
114255030595040	959
114280030515040	3
114295031150040	253
114320030480040	56
114335030365040	2
114450030875040	315
114975030895040	146
114180030670040	1
114325030365040	17
114390030525040	26
114400030635040	173
114025030305040	661
114300030790040	276
114415030740040	42
114420030490040	777
114670030585040	473
114000030730040	2
114410030490040	55
114525030750040	3
114760030960040	116
114165030555040	211
114285030565040	2867
114350030450040	216
114390030690040	582
114535030385040	35
114155030555040	105
114275030565040	9705
114405030375040	1
113955030775040	271
114095030515040	581
114110030375040	254
114135030480040	873
114265030565040	1310
114325030700040	511
114345030335040	20
114450030460040	4
114970030980040	56
114005030470040	509
114125030480040	26
114255030565040	3177
114315030700040	1500
114440030460040	5
114495030585040	1
114620030895040	276
113900030285040	2
114180030640040	447
114195030525040	396
114235030490040	550
114305030700040	14
114325030335040	3
114365030575040	54
114400030605040	107
114430030460040	81
114465030950040	101
113940030620040	412
114055030440040	29
114185030525040	8
114235030875040	232
114290030650040	308
114295030150040	22
114315030335040	90
114355030575040	151
114370030420040	3
114415030710040	1621
114490031035040	109
114045030440040	805
114060030575040	268
114120030400040	2
114175030525040	1
114215030490040	545
114280030650040	258
114295030535040	291
114345030575040	171
114410030460040	1
114490030505040	1
114035030440040	417
114170030585040	986
114205030490040	88
114300030395040	10
114335030885040	1015
114455030585040	1
114480030505040	3
114040030575040	3
114155030525040	294
114220030410040	2
114275030535040	37
114395030545040	1
114445030585040	6
114460030430040	621
114470030505040	7
114785030980040	643
113775030310040	466
114015030440040	597
114030030575040	1292
114265030535040	941
114270030595040	7343
114450030430040	367
114580030515040	1
114005030440040	432
114190030610040	15
114255030535040	2998
114260030595040	1677
114320030420040	5
114350031190040	1
114355030910040	263
114440030430040	1
114450030815040	449
114495030555040	1
114570030515040	5
114620030865040	4
114725030740040	96
114180030610040	1448
114350030970040	680
114430030430040	988
114240030595040	20
114290030620040	1762
114295030120040	4
114420030430040	3
114580030680040	1
114230030595040	601
114280030620040	3682
114295030505040	188
114345030545040	296
114410030430040	9
114170030555040	748
114205030460040	68
114220030595040	2813
114285030505040	17
114300030365040	2
114325030470040	17
114390030630040	93
114990030920040	318
113965030715040	558
114160030555040	4
114275030505040	1
114315030470040	3
114380030630040	9
114395030515040	763
114445030555040	15
114270030565040	6176
114295030670040	276
114305030470040	7
114385030515040	48
114450030400040	6
114490030640040	2
114535030930040	1
113975030570040	288
114165030660040	1556
114260030565040	7149
114285030670040	20
114320031305040	31
114340030025040	11
114375030515040	145
114415030480040	373
114535030490040	48
114080030515040	2
114130030555040	31
114230030930040	3
114250030565040	1724
114275030670040	876
114365030515040	81
114370030575040	988
114395030680040	175
114405030480040	1169
114415030865040	269
114485030525040	1
114070030515040	599
114120030555040	910
114240030565040	931
114265030670040	802
114300030700040	94
114355030515040	9
114360030575040	39
114385030680040	141
114385031285040	362
114580030650040	497
114600030835040	58
114695030600040	261
114060030515040	69
114085030620040	337
114230030565040	388
114345030515040	1247
114350030575040	4
114375030680040	349
114450030950040	414
114465030525040	28
114570030650040	881
114075030620040	238
114195030630040	799
114210030490040	565
114220030565040	779
114300030335040	1
114390030600040	3
114065030620040	361
114160030525040	1
114185030630040	3
114190030380040	2
114200030490040	500
114270030150040	45
114330030575040	89
114435030450040	1
114790030670040	1
114810030855040	228
114055030620040	703
114175030630040	508
114270030535040	247
114305030440040	4
114320030575040	384
114425030450040	21
114440030585040	44
114535030900040	495
114800030855040	1
114165030630040	17
114170030690040	565
114260030535040	304
114285030640040	496
114290030390040	257
114360030910040	1
114425030835040	163
114430030585040	19
114480030610040	52
114715030895040	1
114740030815040	393
114765030920040	197
114040030680040	494
114130030525040	367
114155030630040	1805
114250030535040	4339
114355031015040	166
114405030450040	57
114415030835040	1
114420030585040	31
114520030960040	132
114590030620040	795
114755030920040	289
113975030485040	134
114110030450040	295
114240030535040	188
114255031170040	913
114265030640040	4
114360030545040	1
114720030815040	203
114745030920040	121
114035030565040	1
114090030340040	22
114155030265040	1
114255030640040	10
114335031015040	597
114350030545040	133
114390031100040	1
114495030660040	1
114830030825040	222
113890030560040	567
114025030565040	1681
114145030575040	1081
114195030600040	1742
114220030535040	447
114340030545040	507
114615030470040	2
114820030825040	300
114965030940040	1
114185030600040	1040
114200030460040	34
114330030545040	189
114435030420040	1660
114565030505040	1
114005030565040	1
114175030600040	228
114245030585040	1090
114295030610040	2603
114305030410040	34
114310030470040	29
114320030545040	234
114345030650040	466
114425030420040	40
114555030505040	2
114780030640040	649
113925030485040	44
114050030650040	542
114095030390040	130
114165030600040	1701
114170030660040	4
114235030585040	1031
114285030610040	2134
114290030360040	191
114300030470040	1
114425030805040	416
114455030660040	22
114545030505040	4
114575030670040	2
114770030640040	151
114085030390040	856
114155030600040	1234
114160030660040	620
114225030585040	2497
114275030610040	2663
114370030515040	19
114395030620040	113
114405030420040	1
114565030670040	237
114030030650040	1
114215030585040	2063
114240030505040	1445
114265030610040	2583
114270030670040	144
114335030595040	2
114360030515040	10
114385030620040	90
114400030480040	18
113965030455040	72
114075030775040	159
114100030420040	39
114155030235040	1
114205030585040	456
114255030610040	1429
114260030670040	159
114325030595040	5
114350030515040	46
114365031150040	522
114375030620040	6
114390030755040	4
114025030535040	3
114130030660040	1
114145030545040	52
114315030595040	2
114340030515040	14
114365030620040	275
114370030680040	507
114680030600040	31
114915030885040	167
113945030455040	20
114020030595040	85
114135030545040	668
114295030795040	931
114305030595040	2074
114330030515040	1
114360030680040	1
114060030620040	2
114125030545040	580
114190030705040	187
114200030815040	1
114230030670040	995
114245030555040	5
114310030440040	48
114320030515040	8
114345030620040	5
114465030630040	14
114585030640040	258
113785030260040	570
113940030300040	505
114050030620040	1699
114115030545040	1
114170030630040	212
114220030670040	5
114225031085040	239
114235030555040	1201
114275030795040	1711
114290030330040	18
114300030440040	1
114455030630040	17
114575030640040	353
113895030270040	640
113970030540040	436
114055030505040	1
114095030745040	12
114105030545040	887
114160030630040	6
114225030555040	1722
114445030630040	14
114565030640040	188
114150030630040	2
114195030370040	6
114215030555040	2556
114270030640040	3516
114320030680040	1
114335030565040	2
114400030450040	37
114410030525040	12
114800030960040	100
114815030845040	298
114140030630040	18
114195030755040	2
114205030555040	1698
114220031005040	224
114275030215040	105
114325030565040	2
114340031015040	4
114495030600040	17
114545030640040	1
114805030845040	188
114130030630040	1047
114145030515040	1
114295030380040	2
114315030565040	1132
114380030725040	232
114420030690040	555
114485030600040	25
114510030535040	1
114120030630040	699
114135030515040	227
114140030265040	7
114240030640040	2840
114295030765040	295
114305030565040	305
114475030600040	2
114620030545040	1
114720030920040	48
113940030485040	237
113990030510040	118
114080030225040	7
114245030525040	759
114310030410040	2
114095030330040	3
114220030640040	162
114300031015040	757
114340030650040	305
114355030225040	1
114455030600040	97
114575030610040	570
114940030940040	483